Zahlen
23.042313414146687
27.09824183317032
25.16618662176401
23.473216207289497
24.240603220483468
21.9084028083856
25.685136701214944
26.167752445250485
24.401549421166777
31.13091497082054
23.305930216233158
28.380369097451368
24.06331815441369
28.12267029794544
28.38002956179602
28.362428668563577
22.73680950557847
23.07995981434275
24.2267291866799
26.03199712521836
21.17905579776066
21.42572120204253
25.68143819100024
29.15173925985249
25.84805208333813
22.741472216857687
23.46491085804369
25.897288420975126
23.55691314518401
25.278629608396756
25.215801992064016
20.244656031092795
24.259262962780124
24.80565578400745
24.65118022150268
25.94785615044061
26.930226784403256
27.185714550364892
28.300071312627807
25.39959837397023
20.17592871647797
25.555130085492497
26.01301054284161
26.15854328021996
28.546716007875535
25.44511683166502
21.384748853929665
24.48778034600289
27.681444331306217
29.181241052663015
31.44322812505884
25.209575931591367
30.70369475247008
25.339993383207453
27.755732411100563
23.33982017163244
28.335373615620632
28.93485990837751
21.896711863128864
22.76037000844964
26.388394123346288
26.431340104833573
23.583283917104207
27.425563122682487
22.420771243182333
23.533904698076565
24.382736768249426
27.925416131702423
29.82677394220736
25.985058836306727
24.542640993494768
28.35983494094495
22.2161179198109
23.825490000208156
25.30551600419164
25.276874644607265
22.746707889489624
27.830899324739935
21.738693027410335
23.3782736485817
26.9531173527388
23.25623775674215
20.990032022409224
26.075680805206247
25.554125579726712
26.437230115132312
27.574012528767536
26.282004684367763
26.21439691530764
24.797492013979866
25.743877089544583
29.23626148786833
25.587319097407807
26.89550468686229
22.459227318411337
27.93670652591396
22.121877576118408
27.557138467121337
26.364562373382096
26.031936048536757
25.4080305369244
27.869172696362472
26.106947433453772
25.773693686402503
28.10385750986221
25.178642639870223
26.365461950573717
29.811762772006393
27.59103674468041
27.05634952240855
25.92130481373897
24.405678356843147
27.460419877281208
28.259325020453264
29.449129099044853
27.316164151828968
23.072832937053228
24.303390421487848
25.42075492648327
27.54291636754556
26.85369283711691
25.503404008858983
24.698143283284793
26.869688107626775
21.04634893512413
26.944983520043124
26.867973566447848
22.631089990706275
25.46172830649885
27.121045131155338
28.886923567044185
24.000394254952212
23.195334885352874
25.15621858311015
23.749433908311648
24.192602120795485
22.292659534502903
26.301456180007573
24.837782109791927
22.386268689545016
29.02376931170226
27.653650095889777
27.02657632739481
26.919024911942184
27.201576620046847
24.44773418538213
25.292924344794766
19.225042141928327
20.388686713953653
28.493668224456393
23.871045168044656
24.190581596561874
25.51655824878563
24.215899485073486
27.927066014101424
22.66054217355737
25.627598819868567
25.31703094697032
25.82931076054
25.99748036346825
20.9581547872458
22.012852339654103
25.74382929563638
24.703742137998365
25.714468557746013
26.245673299788077
26.004477930686775
21.81881642314772
25.50526700522907
27.861185150426188
26.281680377671083
30.037205392575647
26.02533181279682
20.131028265807217
33.68350801848425
26.901016739449062
22.499289544437932
23.02018183349262
25.85080027728508
28.739133641197846
22.649180236543007
25.681681504496726
22.800593475717875
22.0553829267856
25.85114753596172
24.68557821872156
23.764964536971473
27.9675051153612
24.47584273968258
25.23737790054373
26.308254116443603
32.48195279404635
26.1532130576048
24.021213751572326
31.422233452432224
30.827926967457696
32.16856799547876
22.664534988314777
26.666226756134186
25.74145802718589
21.054181345650836
20.523258453276817
24.56356983177521
27.217498328949542
26.304232953427555
22.728566342988625
24.470940320941757
28.18011653411116
28.267632887422764
25.05077545124936
26.66428678978147
30.622874304881517
24.86053505402102
24.80842806854299
23.201807837263512
26.64365792627436
22.89150910578088
24.00906390806109
25.29140629931785
22.72528631812964
21.49147243623424
26.14045999750637
23.793371636863988
27.896401402349937
24.958056015813487
19.922128620575016
25.921960133442617
21.82115901248748
24.045761964522367
23.159721665904705
26.82717980526812
18.309979824403207
24.410930830859584
25.46195766216012
28.78034984022908
23.724422150290717
26.39788146123436
25.47922303706419
25.61065484774605
29.534897276313856
21.198747187602905
23.91721838349041
32.01470426883206
26.466516316964825
21.8729857400547
27.02902400261505
21.03742984859884
24.72547300680212
24.88357711649564
28.286390226902927
26.030269630765005
27.789309159077312
20.90031978687479
24.58927476649009
28.58217959657677
26.61671390244221
22.00179077222986
23.25679244772846
23.460858180838137
22.286076493262502
25.277446788547188
20.746508519982257
29.153137100415783
23.789784865927448
21.99599198398052
23.02765293197316
20.33280373895403
26.045234485438336
26.18808565671801
28.51303590120956
23.836900669235312
26.255586767395304
22.84969946520384
27.36191923782089
27.015726506178655
24.65090959197294
25.473624636859604
22.76875447266536
27.73056639301074
27.217544072492554
26.980397723957697
28.49973830808576
25.880240844149
28.038394714905507
28.36461156559832
26.14374714619783
27.005340841360383
28.26898196539133
27.076258853996407
25.1296777865235
30.487095689285113
27.006761093638783
23.425092638755903
23.77483706246033
24.810049731647567
24.765129061429512
22.94808671700037
23.881591854207567
27.303806528364056
25.413873897605992
24.474478149927165
28.49544220810315
30.042460524317033
24.335072936776648
28.42741038661636
27.46492753386846
24.04870278038901
27.59227461941364
25.911160015259007
24.372614155045863
22.402577101775577
22.862760824018576
27.150601286644328
25.3475132086768
24.57682459079648
23.857348968840835
23.821553214931686
27.38313548781767
20.793971515828503
23.061362548663272
23.920418116905655
24.79736022383941
26.467819478894857
29.54378635603032
22.654250286583277
24.599928312322557
24.825096814130504
28.303914594095048
21.932652989092222
23.041052807399712
27.8714532371394
25.732534387109247
27.602782147970135
25.548796462283246
26.680773284336897
28.460399415582117
24.56278422607432
22.32122174649397
21.98984470599268
29.16073946548256
26.21881606569068
21.248374023009934
24.79124858509062
26.38209339374448
24.01488954207767
28.303410646677474
26.19019311827097
26.042937826953725
23.7977950202972
26.75353863931484
26.207250268664424
21.645181406222825
24.087373332922535
28.599236416084995
31.14926729561214
21.464469773951624
22.349204258484686
25.058377806836976
23.849008205088783
21.203245689329147
25.477996408827877
20.73151023980931
29.316250955993596
25.66576966738444
24.755673816011203
21.767799963366198
24.03620385136092
28.3317294020636
21.610555644905496
25.27615041147877
24.23555856382806
21.47640808302612
24.512960213325687
24.06696883999705
23.820128791698128
28.76898535738868
25.85116318120718
29.41657881619832
25.1989299767686
24.226400563311067
26.037653446506994
23.724151032343425
22.202280571063913
21.1095194510719
29.512043524850927
25.78916671896891
23.748634875724175
22.978866721938765
26.81032610153068
20.663324717023883
24.244282820713476
23.775618192493248
23.95080390955343
24.9214596574167
26.848243650590376
25.467098728300304
25.75582041735139
23.734541043785008
27.06887231260204
19.94825916450892
26.39772481642642
25.990992282112092
26.09183309023049
24.510902844610687
26.142160522125423
22.569790295959656
25.520247015797924
25.73981840798437
23.84962560598548
24.245545588973894
22.805088742260534
25.826622070610927
27.245751507899804
22.080235880175348
24.167512368462727
24.675154123755306
27.635158883181877
25.479895299885207
24.768989055256004
23.54491666722809
25.69359332980799
27.101686308205487
30.22336208510756
27.252479140515515
27.159747245217282
26.05413407310193
26.44329475629035
27.33728065050055
27.3166653205206
26.50460537618398
24.33618569877108
21.37319551804269
29.570092420978284
21.963803845913528
25.324510476743257
23.71891429758152
26.976766374161592
23.394397269699848
26.66106484626456
29.583054472694144
30.602797566964668
24.00534668579924
23.519412895930312
24.772831954702312
25.52571133519209
30.272849693520776
21.299156946475847
26.17945873521368
23.08764278201252
26.34867692260359
23.132190496570953
26.32583535762288
27.390502666150265
27.84005833398076
26.812036059434494
25.614150033786768
26.788917379532258
23.89531146668001
23.03130839829327
21.30708963389341
27.777385813780548
23.876903706936798
27.95365577114085
24.37908036487574
27.750069294799452
24.662507209513844
24.507176055033447
22.60626035759683
23.926781992741162
21.77379513303996
26.99200298509523
23.759054233655977
24.69307506503047
26.023004661414152
24.94370633811166
23.80566415947184
22.37705578681405
27.150456123332727
21.69496312503294
26.026226780969505
29.29910412394124
26.57441557664708
25.98030072615332
25.4394890601618
26.039903385628946
27.800287275571343
27.682291951348052
26.66453063896328
24.27971444631332
24.19659421615363
21.29893863033371
24.77992774085499
26.952151634991548
25.023002061541536
24.59083501634601
24.505452062237136
26.653996097785125
30.495103520487667
28.432756004934056
22.093741958589664
26.44561241664617
23.26434941134624
25.577330552279527
30.174659522091872
22.48760648497304
28.42101923267221
25.865634925485583
25.0620311921472
19.60515886261934
25.23219040685069
26.94193551644612
24.846312844219742
27.85677938742353
23.378921093672208
26.68219571780732
26.601762848200277
25.42053810957956
25.584968305610076
29.087335536156566
27.17500829892497
21.03424411439895
26.73910303755016
24.6546454785114
31.1445845482262
28.025141544715847
27.681289887914318
21.865330108568628
24.025138446280515
21.714250106073568
27.529072427869767
26.1980493027574
27.281309174988287
28.477056600029726
26.313293340694724
24.12395706858755
27.422227848031
24.578174568440073
23.65969617436643
28.445665238234135
29.064166604129145
25.978944448938165
27.86586839289268
26.1418035571368
21.776700512763288
26.132292601577056
21.98728336541031
23.642642536239634
26.38452864501763
21.87309692806649
27.520492988802843
27.049644692507048
26.098446695395968
23.57775960011323
29.281411637853655
22.2084983323048
25.02462033879485
25.619358888313617
27.598612083087716
24.75117149915948
25.346187870172127
24.81551076472592
23.30556783976528
26.759095219107103
26.043919642145926
29.35104803910164
26.113540176289906
26.82907830174631
25.68831772452665
23.45680995811088
26.092302414214743
22.86348425421044
33.297514892771645
29.686257280862048
21.96603315294811
27.974367253791048
25.336112016208215
30.880619485121606
22.216885526673483
26.800619980516927
25.22042003532672
27.03097444612189
27.214165898109425
27.306620017186997
20.607630540815837
24.2570566322115
26.949784265668853
29.661598127287306
23.486468385069568
26.392008705821016
26.722777439389795
23.566701670036803
24.20406243607222
26.924501770012835
22.964845314024796
25.8367650250037
27.317396790462137
22.720607365926323
26.685299590363755
22.731622728475415
26.85188189460204
28.666941081466103
23.620650554124445
26.268988146683235
27.979910357437745
24.171306222559856
20.76073346590298
22.926713775652104
27.09669073805332
21.66665560526006
24.451405707833302
28.172722650131178
29.524398184004976
25.55233305774103
31.212724757541388
28.932285381672603
23.397107705218463
24.287883718770168
24.850725588525968
27.264935952501517
23.714472457358376
22.433974612317716
22.434784629094068
22.239655407176627
23.32996090959048
22.184555915123006
26.520862635514185
22.107088468608552
25.13586642665651
26.26925589975326
30.88411029283722
21.58807041848273
22.257479807082383
23.610020932912107
23.73184884702779
23.270946492087692
22.78090188170004
24.19750879447293
26.42888298867714
27.12049042298915
23.461869999776017
23.12873727443109
29.043897848925024
28.014929347350243
22.650205683043687
26.381873987401047
26.801737041976754
22.510653672989484
29.919570202879513
26.800354401313232
21.790525421925103
26.128263728881972
22.01110946711133
27.74633793516197
18.895253274736813
30.842034371413572
25.54262271539572
29.913783683491285
23.30717406168001
22.48021007914575
26.67069464472761
24.480536610446023
27.036988774595734
25.63009970471615
24.876601765384898
25.153518672690865
23.55000538941365
25.635965963859874
26.112376322161616
24.31833791403096
23.443398894456877
24.616144863719967
26.745395091833295
24.85531234511428
30.638445924839544
25.416356073468435
25.5106976795971
24.64524181403725
25.492593755387723
29.636750153217804
22.918088586640984
26.100714016958143
25.06466509327572
26.331660535037376
22.843497884075152
27.428941293088855
28.00249253039167
26.43646263457649
28.264507620404576
23.718965220170304
26.14273377731879
24.783216024925174
25.181731962943367
25.94901671907844
23.680492442525235
24.515548884583705
23.53972855552488
29.21839592589829
28.066111636066143
21.6210615063072
24.62865110003578
24.1804352227114
22.236275785253607
30.879571963044448
28.049451310929985
25.179041535841908
20.14925420157812
28.354923195865215
24.12291598821273
23.769031946889047
27.90348411880832
25.256288229024737
21.088398636706582
24.526827613712907
28.911395426659762
20.93256115890448
23.192968421216946
27.051662608969664
27.686575085102294
26.723021403852165
23.20666556869774
24.53941724340843
29.813016785743766
27.077452727978933
22.728820407315208
29.028541560540084
26.444129159712652
26.58369773855423
26.640165739025512
27.210602296838555
26.223688583772365
27.039669384131287
26.665629726679107
25.68288571654629
28.178235822806815
29.818067601134448
22.214456962251656
30.075215119996635
27.381179538680037
28.871347533962506
26.936556167373812
26.298634919904423
25.855222848696368
26.076972141060125
25.228037418237303
24.27096086067387
25.89604761908701
28.22208425349788
24.27876098829388
30.645599137085824
23.732395825468227
25.977951618822903
30.133813576405032
25.385594494380168
25.194810754102132
23.59317371802842
21.963535140871528
27.0569726335097
27.92063360528018
23.770306001653985
23.001276042533625
26.03209424569168
25.20534000965677
25.26894396068476
31.78977748007376
25.09469849400722
27.03732017953706
25.6076301667597
27.687259709224396
25.525458815182557
23.942297850334946
27.798169123935953
25.31115722015983
19.26704669706342
25.16804796195941
21.866638020040725
23.629573052614173
27.138273558459083
25.999842174796783
23.59739536826959
26.19003457229453
20.616716260790685
24.57562817596579
23.266356424660767
27.140012024405255
26.693583239448447
27.804738681572623
22.13094233543301
19.973954352076525
24.819103554230093
26.35868758307869
27.92888048083777
24.36598089743561
27.134253932535174
23.660595104319555
23.774803538716547
21.675142183174657
23.471742480849088
26.452653868753902
21.82909012307808
24.529636841982608
23.03050233283448
24.20639064054584
28.46571074084188
29.988812797134916
20.709991094513136
24.2803798546422
28.429754826118117
24.868291511003132
23.988803066393697
25.372222799965733
24.822625438030727
26.408630669969565
24.09740839961378
25.36360705686721
22.921174433947687
23.823337028297736
20.1439442856554
29.087698709572805
25.457629477428405
27.584137523774643
26.963476768019255
27.774153779760702
23.613209610260192
29.30316931673807
24.104517890520675
20.871231250705225
28.239673838810678
26.458568949885983
21.063838078540297
25.711282071414377
27.85856945539018
24.15661393306544
26.819151705253848
24.46503226098272
19.016910281487068
26.79818096776677
26.83125242412944
23.2993186233227
26.30435218088507
25.57335940983316
27.958264782552096
23.8857817745776
25.98536642392583
25.384077940825225
24.480326521666
28.104822031941975
27.676344492690685
30.847670474287398
27.740252537791974
27.295831457928287
26.19489986946173
28.387514738531937
27.338052951186594
26.127254763495884
22.73582343475466
24.12600261499486
27.03669704000748
23.60063968715136
26.712085648622047
28.779016224294125
25.26224121588892
25.049359427427493
22.87561191836969
26.373905993469506
31.59876681152654
23.040328747502688
24.645215544178487
25.57461429702168
24.475529156085432
26.634173797711725
27.87699985011772
28.852196260283705
29.98074467911136
24.560111561706297
22.366068759180248
26.279997855354686
19.362495759681448
20.829061184120405
21.27952039063444
27.26536364559096
18.7955655189917
29.162188233692593
25.12849699908173
23.502607048974625
24.927072850188225
20.12151817831309
25.19658055460189
27.742529899890815
20.638861855114815
23.06218757826319
23.51392935055413
27.21153390812564
26.512812797045918
25.74103726823573
24.27804855080868
27.27041969393462
27.295431251185207
26.929247418194166
24.25741898027717
23.266219421744506
28.56804966811841
23.709911792324412
21.061647323611748
21.877585964864608
27.431566987190823
27.01873828647057
28.208544412668935
26.859870447449968
26.469956936995356
23.30081546850797
25.2265048684264
23.78351779288204
25.23401586674911
27.88155544649166
24.858508641008463
28.95034456413287
26.85093857104123
19.574657225788464
27.72996975565592
28.290347137042968
23.34792224442493
23.949422695546954
25.05237745505653
25.740540422031884
25.00703936754981
24.535886784713426
20.55551784465242
27.47097578186571
24.048910236344497
25.579975499022463
29.132029999060713
25.165652386770336
26.760155506590117
25.861575905447886
24.78324088966636
25.777521041666695
22.734803721635235
25.476086428646205
25.338908600520558
30.815294921357673
25.754927147317137
23.13586359612301
21.66723219453848
20.690166946338277
30.120509038133896
29.36587260006376
22.442572312900975
27.64737431835608
26.429099404734828
23.464503893466546
25.848912435103955
25.42841883596236
24.260784728468217
25.294729546912517
24.880166422355064
25.890326135559487
21.65851881041223
27.00406076631085
26.84045092026664
26.769072047912687
21.77741186648663
23.939306613320124
26.34771601868348
24.846612642212477
24.723342811161743
26.557269303515792
24.22264670282127
22.59937769111936
25.672846372071763
24.07995673119933
28.726109777700223
30.38061169110381
24.021851848615
25.8492057108136
24.654342218850086
21.87717015601637
26.66357924241527
27.55388627325049
27.417093132843835
26.58360300174119
22.485655900757266
21.155057054249035
23.97721421804339
27.38713051520576
27.79844953089585
26.944298238507194
22.3586334098668
27.25112817206957
23.04094798176292
25.173202895248703
22.943380040543644
31.321779775463796
25.606609127678414
23.540080545000148
23.984179117985978
24.10792550451206
23.771814426192403
27.34522762106431
26.7595729253788
26.03269628006803
