2.304231341414669032e+01
2.709824183317031654e+01
2.516618662176400889e+01
2.347321620728949654e+01
2.424060322048346805e+01
2.190840280838559906e+01
2.568513670121494386e+01
2.616775244525048549e+01
2.440154942116677717e+01
3.113091497082054104e+01
2.330593021623315408e+01
2.838036909745136782e+01
2.406331815441368605e+01
2.812267029794544015e+01
2.838002956179602165e+01
2.836242866856357736e+01
2.273680950557847069e+01
2.307995981434275024e+01
2.422672918667990061e+01
2.603199712521836062e+01
2.117905579776066105e+01
2.142572120204253494e+01
2.568143819100023606e+01
2.915173925985249426e+01
2.584805208333812843e+01
2.274147221685769082e+01
2.346491085804369447e+01
2.589728842097512995e+01
2.355691314518400858e+01
2.527862960839675566e+01
2.521580199206401929e+01
2.024465603109279499e+01
2.425926296278012373e+01
2.480565578400744897e+01
2.465118022150268118e+01
2.594785615044061444e+01
2.693022678440325635e+01
2.718571455036489581e+01
2.830007131262780717e+01
2.539959837397022824e+01
2.017592871647796926e+01
2.555513008549249676e+01
2.601301054284161296e+01
2.615854328021996267e+01
2.854671600787553842e+01
2.544511683166502181e+01
2.138474885392966485e+01
2.448778034600289288e+01
2.768144433130621707e+01
2.918124105266301882e+01
3.144322812505883746e+01
2.520957593159136678e+01
3.070369475247007784e+01
2.533999338320745309e+01
2.775573241110056344e+01
2.333982017163243938e+01
2.833537361562063239e+01
2.893485990837751132e+01
2.189671186312886420e+01
2.276037000844963742e+01
2.638839412334629131e+01
2.643134010483357343e+01
2.358328391710420746e+01
2.742556312268248675e+01
2.242077124318233317e+01
2.353390469807656515e+01
2.438273676824942982e+01
2.792541613170242698e+01
2.982677394220735678e+01
2.598505883630672741e+01
2.454264099349476780e+01
2.835983494094494972e+01
2.221611791981090178e+01
2.382549000020815555e+01
2.530551600419163805e+01
2.527687464460726474e+01
2.274670788948962397e+01
2.783089932473993855e+01
2.173869302741033849e+01
2.337827364858170043e+01
2.695311735273880061e+01
2.325623775674214855e+01
2.099003202240922406e+01
2.607568080520624676e+01
2.555412557972671195e+01
2.643723011513231214e+01
2.757401252876753617e+01
2.628200468436776305e+01
2.621439691530764193e+01
2.479749201397986980e+01
2.574387708954458276e+01
2.923626148786832957e+01
2.558731909740781063e+01
2.689550468686229223e+01
2.245922731841133668e+01
2.793670652591396220e+01
2.212187757611841121e+01
2.755713846712133730e+01
2.636456237338209618e+01
2.603193604853675325e+01
2.540803053692440017e+01
2.786917269636247241e+01
2.610694743345377589e+01
2.577369368640250258e+01
2.810385750986221254e+01
2.517864263987022255e+01
2.636546195057371378e+01
2.981176277200639291e+01
2.759103674468040879e+01
2.705634952240854929e+01
2.592130481373897410e+01
2.440567835684314701e+01
2.746041987728121114e+01
2.825932502045326444e+01
2.944912909904485332e+01
2.731616415182897128e+01
2.307283293705322791e+01
2.430339042148785111e+01
2.542075492648326929e+01
2.754291636754556194e+01
2.685369283711690969e+01
2.550340400885898617e+01
2.469814328328479291e+01
2.686968810762677862e+01
2.104634893512412930e+01
2.694498352004312380e+01
2.686797356644784784e+01
2.263108999070627547e+01
2.546172830649885199e+01
2.712104513115533777e+01
2.888692356704418529e+01
2.400039425495221579e+01
2.319533488535287447e+01
2.515621858311014947e+01
2.374943390831164791e+01
2.419260212079548467e+01
2.229265953450290283e+01
2.630145618000757324e+01
2.483778210979192735e+01
2.238626868954501958e+01
2.902376931170226015e+01
2.765365009588977685e+01
2.702657632739481386e+01
2.691902491194218427e+01
2.720157662004684695e+01
2.444773418538213505e+01
2.529292434479476981e+01
1.922504214192832706e+01
2.038868671395365340e+01
2.849366822445639258e+01
2.387104516804465604e+01
2.419058159656187001e+01
2.551655824878562839e+01
2.421589948507348566e+01
2.792706601410142397e+01
2.266054217355737421e+01
2.562759881986856669e+01
2.531703094697031631e+01
2.582931076053999675e+01
2.599748036346825231e+01
2.095815478724579606e+01
2.201285233965410271e+01
2.574382929563638100e+01
2.470374213799836483e+01
2.571446855774601303e+01
2.624567329978807351e+01
2.600447793068677882e+01
2.181881642314771952e+01
2.550526700522906864e+01
2.786118515042618782e+01
2.628168037767108345e+01
3.003720539257565036e+01
2.602533181279682140e+01
2.013102826580721683e+01
3.368350801848424680e+01
2.690101673944906580e+01
2.249928954443793572e+01
2.302018183349262159e+01
2.585080027728508156e+01
2.873913364119784575e+01
2.264918023654301038e+01
2.568168150449672638e+01
2.280059347571787498e+01
2.205538292678559742e+01
2.585114753596171866e+01
2.468557821872155600e+01
2.376496453697147260e+01
2.796750511536120243e+01
2.447584273968258017e+01
2.523737790054373420e+01
2.630825411644360301e+01
3.248195279404635016e+01
2.615321305760479831e+01
2.402121375157232563e+01
3.142223345243222354e+01
3.082792696745769945e+01
3.216856799547876022e+01
2.266453498831477731e+01
2.666622675613418991e+01
2.574145802718588882e+01
2.105418134565083577e+01
2.052325845327681719e+01
2.456356983177521514e+01
2.721749832894954224e+01
2.630423295342755452e+01
2.272856634298862488e+01
2.447094032094175375e+01
2.818011653411115702e+01
2.826763288742276359e+01
2.505077545124935767e+01
2.666428678978147104e+01
3.062287430488151330e+01
2.486053505402102104e+01
2.480842806854299099e+01
2.320180783726351237e+01
2.664365792627436136e+01
2.289150910578088016e+01
2.400906390806109414e+01
2.529140629931784900e+01
2.272528631812963695e+01
2.149147243623423975e+01
2.614045999750637250e+01
2.379337163686398782e+01
2.789640140234993737e+01
2.495805601581349009e+01
1.992212862057501610e+01
2.592196013344261729e+01
2.182115901248747747e+01
2.404576196452236658e+01
2.315972166590470493e+01
2.682717980526811630e+01
1.830997982440321081e+01
2.441093083085958426e+01
2.546195766216011691e+01
2.878034984022908205e+01
2.372442215029071377e+01
2.639788146123435908e+01
2.547922303706419100e+01
2.561065484774605494e+01
2.953489727631385620e+01
2.119874718760290477e+01
2.391721838349041462e+01
3.201470426883206244e+01
2.646651631696482454e+01
2.187298574005470186e+01
2.702902400261505278e+01
2.103742984859884047e+01
2.472547300680212246e+01
2.488357711649563697e+01
2.828639022690292748e+01
2.603026963076500522e+01
2.778930915907731247e+01
2.090031978687478897e+01
2.458927476649008881e+01
2.858217959657677198e+01
2.661671390244221413e+01
2.200179077222986024e+01
2.325679244772846133e+01
2.346085818083813734e+01
2.228607649326250240e+01
2.527744678854718785e+01
2.074650851998225676e+01
2.915313710041578688e+01
2.378978486592745156e+01
2.199599198398052025e+01
2.302765293197316154e+01
2.033280373895403059e+01
2.604523448543833908e+01
2.618808565671800892e+01
2.851303590120955889e+01
2.383690066923531248e+01
2.625558676739530384e+01
2.284969946520383743e+01
2.736191923782088864e+01
2.701572650617865889e+01
2.465090959197294040e+01
2.547362463685960421e+01
2.276875447266536057e+01
2.773056639301074000e+01
2.721754407249255436e+01
2.698039772395769731e+01
2.849973830808575670e+01
2.588024084414899662e+01
2.803839471490550750e+01
2.836461156559831664e+01
2.614374714619782836e+01
2.700534084136038615e+01
2.826898196539132968e+01
2.707625885399640708e+01
2.512967778652350148e+01
3.048709568928511260e+01
2.700676109363878297e+01
2.342509263875590264e+01
2.377483706246032824e+01
2.481004973164757033e+01
2.476512906142951209e+01
2.294808671700037195e+01
2.388159185420757069e+01
2.730380652836405986e+01
2.541387389760599191e+01
2.447447814992716530e+01
2.849544220810314954e+01
3.004246052431703262e+01
2.433507293677664762e+01
2.842741038661636210e+01
2.746492753386846175e+01
2.404870278038901432e+01
2.759227461941364012e+01
2.591116001525900714e+01
2.437261415504586637e+01
2.240257710177557726e+01
2.286276082401857934e+01
2.715060128664432781e+01
2.534751320867679780e+01
2.457682459079648041e+01
2.385734896884083511e+01
2.382155321493168998e+01
2.738313548781766826e+01
2.079397151582850256e+01
2.306136254866327207e+01
2.392041811690565822e+01
2.479736022383941219e+01
2.646781947889485664e+01
2.954378635603032066e+01
2.265425028658327378e+01
2.459992831232255384e+01
2.482509681413050373e+01
2.830391459409505117e+01
2.193265298909222594e+01
2.304105280739971207e+01
2.787145323713939860e+01
2.573253438710924712e+01
2.760278214797013874e+01
2.554879646228324575e+01
2.668077328433689743e+01
2.846039941558211339e+01
2.456278422607432077e+01
2.232122174649396840e+01
2.198984470599268093e+01
2.916073946548256046e+01
2.621881606569067813e+01
2.124837402300993361e+01
2.479124858509062079e+01
2.638209339374447637e+01
2.401488954207766824e+01
2.830341064667747020e+01
2.619019311827097241e+01
2.604293782695372528e+01
2.379779502029720106e+01
2.675353863931484000e+01
2.620725026866442420e+01
2.164518140622282516e+01
2.408737333292253879e+01
2.859923641608499523e+01
3.114926729561214103e+01
2.146446977395162392e+01
2.234920425848468994e+01
2.505837780683697602e+01
2.384900820508878638e+01
2.120324568932914744e+01
2.547799640882787386e+01
2.073151023980931029e+01
2.931625095599359554e+01
2.566576966738443843e+01
2.475567381601120331e+01
2.176779996336619405e+01
2.403620385136091642e+01
2.833172940206359769e+01
2.161055564490549941e+01
2.527615041147877406e+01
2.423555856382806084e+01
2.147640808302611859e+01
2.451296021332569097e+01
2.406696883999704895e+01
2.382012879169813147e+01
2.876898535738868290e+01
2.585116318120718049e+01
2.941657881619831727e+01
2.519892997676859636e+01
2.422640056331106706e+01
2.603765344650699021e+01
2.372415103234342482e+01
2.220228057106391262e+01
2.110951945107190042e+01
2.951204352485092741e+01
2.578916671896891089e+01
2.374863487572417853e+01
2.297886672193876478e+01
2.681032610153068063e+01
2.066332471702388318e+01
2.424428282071347596e+01
2.377561819249325126e+01
2.395080390955342864e+01
2.492145965741670111e+01
2.684824365059037987e+01
2.546709872830030363e+01
2.575582041735139072e+01
2.373454104378500773e+01
2.706887231260203919e+01
1.994825916450891867e+01
2.639772481642642177e+01
2.599099228211209578e+01
2.609183309023049446e+01
2.451090284461068691e+01
2.614216052212542252e+01
2.256979029595965613e+01
2.552024701579792421e+01
2.573981840798436949e+01
2.384962560598547654e+01
2.424554558897389356e+01
2.280508874226053351e+01
2.582662207061093085e+01
2.724575150789980427e+01
2.208023588017534777e+01
2.416751236846272732e+01
2.467515412375530559e+01
2.763515888318187308e+01
2.547989529988520729e+01
2.476898905525600370e+01
2.354491666722809384e+01
2.569359332980798882e+01
2.710168630820549041e+01
3.022336208510755640e+01
2.725247914051551490e+01
2.715974724521728589e+01
2.605413407310193463e+01
2.644329475629034931e+01
2.733728065050054923e+01
2.731666532052059893e+01
2.650460537618398149e+01
2.433618569877107873e+01
2.137319551804269224e+01
2.957009242097828405e+01
2.196380384591353163e+01
2.532451047674325650e+01
2.371891429758152015e+01
2.697676637416159195e+01
2.339439726969985145e+01
2.666106484626456208e+01
2.958305447269414401e+01
3.060279756696466791e+01
2.400534668579923903e+01
2.351941289593031215e+01
2.477283195470231192e+01
2.552571133519208857e+01
3.027284969352077937e+01
2.129915694647584701e+01
2.617945873521368227e+01
2.308764278201252296e+01
2.634867692260359107e+01
2.313219049657095283e+01
2.632583535762287852e+01
2.739050266615026530e+01
2.784005833398075680e+01
2.681203605943449375e+01
2.561415003378677113e+01
2.678891737953225771e+01
2.389531146668000616e+01
2.303130839829326959e+01
2.130708963389340838e+01
2.777738581378054761e+01
2.387690370693679398e+01
2.795365577114085198e+01
2.437908036487574037e+01
2.775006929479945583e+01
2.466250720951384423e+01
2.450717605503344743e+01
2.260626035759683106e+01
2.392678199274116579e+01
2.177379513303995751e+01
2.699200298509522966e+01
2.375905423365597713e+01
2.469307506503047023e+01
2.602300466141415214e+01
2.494370633811166016e+01
2.380566415947184211e+01
2.237705578681405427e+01
2.715045612333273084e+01
2.169496312503294178e+01
2.602622678096950537e+01
2.929910412394123753e+01
2.657441557664707688e+01
2.598030072615331676e+01
2.543948906016179734e+01
2.603990338562894991e+01
2.780028727557134260e+01
2.768229195134805565e+01
2.666453063896327791e+01
2.427971444631332076e+01
2.419659421615363115e+01
2.129893863033370849e+01
2.477992774085499050e+01
2.695215163499154798e+01
2.502300206154153628e+01
2.459083501634601276e+01
2.450545206223713635e+01
2.665399609778512513e+01
3.049510352048766748e+01
2.843275600493405619e+01
2.209374195858966416e+01
2.644561241664617413e+01
2.326434941134623813e+01
2.557733055227952690e+01
3.017465952209187208e+01
2.248760648497304260e+01
2.842101923267221508e+01
2.586563492548558685e+01
2.506203119214720232e+01
1.960515886261934071e+01
2.523219040685069459e+01
2.694193551644611873e+01
2.484631284421974584e+01
2.785677938742352922e+01
2.337892109367220783e+01
2.668219571780732124e+01
2.660176284820027348e+01
2.542053810957956017e+01
2.558496830561007584e+01
2.908733553615656575e+01
2.717500829892496839e+01
2.103424411439894826e+01
2.673910303755016216e+01
2.465464547851139798e+01
3.114458454822619871e+01
2.802514154471585073e+01
2.768128988791431411e+01
2.186533010856862802e+01
2.402513844628051487e+01
2.171425010607356754e+01
2.752907242786977093e+01
2.619804930275739707e+01
2.728130917498829078e+01
2.847705660002972650e+01
2.631329334069472381e+01
2.412395706858755062e+01
2.742222784803099600e+01
2.457817456844007253e+01
2.365969617436643091e+01
2.844566523823413817e+01
2.906416660412914510e+01
2.597894444893816512e+01
2.786586839289267914e+01
2.614180355713679660e+01
2.177670051276329133e+01
2.613229260157705980e+01
2.198728336541030970e+01
2.364264253623963441e+01
2.638452864501763173e+01
2.187309692806649508e+01
2.752049298880284312e+01
2.704964469250705150e+01
2.609844669539597106e+01
2.357775960011322880e+01
2.928141163785365819e+01
2.220849833230479931e+01
2.502462033879485404e+01
2.561935888831361652e+01
2.759861208308771552e+01
2.475117149915948289e+01
2.534618787017212682e+01
2.481551076472591788e+01
2.330556783976528124e+01
2.675909521910710254e+01
2.604391964214592647e+01
2.935104803910163795e+01
2.611354017628990221e+01
2.682907830174631059e+01
2.568831772452665518e+01
2.345680995811087755e+01
2.609230241421474616e+01
2.286348425421044084e+01
3.329751489277165177e+01
2.968625728086205129e+01
2.196603315294811054e+01
2.797436725379104772e+01
2.533611201620821873e+01
3.088061948512160626e+01
2.221688552667348304e+01
2.680061998051692740e+01
2.522042003532672183e+01
2.703097444612188838e+01
2.721416589810942455e+01
2.730662001718699372e+01
2.060763054081583334e+01
2.425705663221150132e+01
2.694978426566885332e+01
2.966159812728730572e+01
2.348646838506957124e+01
2.639200870582101643e+01
2.672277743938979455e+01
2.356670167003680305e+01
2.420406243607222052e+01
2.692450177001283507e+01
2.296484531402479590e+01
2.583676502500370020e+01
2.731739679046213709e+01
2.272060736592632324e+01
2.668529959036375487e+01
2.273162272847541843e+01
2.685188189460204100e+01
2.866694108146610276e+01
2.362065055412444536e+01
2.626898814668323467e+01
2.797991035743774546e+01
2.417130622255985628e+01
2.076073346590298030e+01
2.292671377565210378e+01
2.709669073805331863e+01
2.166665560526006118e+01
2.445140570783330247e+01
2.817272265013117760e+01
2.952439818400497984e+01
2.555233305774103059e+01
3.121272475754138753e+01
2.893228538167260311e+01
2.339710770521846683e+01
2.428788371877016772e+01
2.485072558852597169e+01
2.726493595250151358e+01
2.371447245735837939e+01
2.243397461231771572e+01
2.243478462909406801e+01
2.223965540717662748e+01
2.332996090959048274e+01
2.218455591512300629e+01
2.652086263551418455e+01
2.210708846860855203e+01
2.513586642665650928e+01
2.626925589975326147e+01
3.088411029283722087e+01
2.158807041848272945e+01
2.225747980708238316e+01
2.361002093291210713e+01
2.373184884702779129e+01
2.327094649208769539e+01
2.278090188170003927e+01
2.419750879447293457e+01
2.642888298867714170e+01
2.712049042298914969e+01
2.346186999977601673e+01
2.312873727443109217e+01
2.904389784892502391e+01
2.801492934735024321e+01
2.265020568304369064e+01
2.638187398740104683e+01
2.680173704197675022e+01
2.251065367298948416e+01
2.991957020287951252e+01
2.680035440131323199e+01
2.179052542192510344e+01
2.612826372888197568e+01
2.201110946711133209e+01
2.774633793516197500e+01
1.889525327473681315e+01
3.084203437141357540e+01
2.554262271539572282e+01
2.991378368349128536e+01
2.330717406168000849e+01
2.248021007914574909e+01
2.667069464472761453e+01
2.448053661044602691e+01
2.703698877459573779e+01
2.563009970471615162e+01
2.487660176538489765e+01
2.515351867269086483e+01
2.355000538941364852e+01
2.563596596385987425e+01
2.611237632216161941e+01
2.431833791403096257e+01
2.344339889445687319e+01
2.461614486371996691e+01
2.674539509183329855e+01
2.485531234511427812e+01
3.063844592483954443e+01
2.541635607346843528e+01
2.551069767959710077e+01
2.464524181403725223e+01
2.549259375538772332e+01
2.963675015321780393e+01
2.291808858664098381e+01
2.610071401695814330e+01
2.506466509327571757e+01
2.633166053503737913e+01
2.284349788407515192e+01
2.742894129308885809e+01
2.800249253039167030e+01
2.643646263457648971e+01
2.826450762040457931e+01
2.371896522017030406e+01
2.614273377731878867e+01
2.478321602492517783e+01
2.518173196294337046e+01
2.594901671907843621e+01
2.368049244252523522e+01
2.451554888458370485e+01
2.353972855552488141e+01
2.921839592589829238e+01
2.806611163606614667e+01
2.162106150630719981e+01
2.462865110003578195e+01
2.418043522271140233e+01
2.223627578525360704e+01
3.087957196304444807e+01
2.804945131092998523e+01
2.517904153584190752e+01
2.014925420157811686e+01
2.835492319586521859e+01
2.412291598821273197e+01
2.376903194688905074e+01
2.790348411880832202e+01
2.525628822902473658e+01
2.108839863670658588e+01
2.452682761371290709e+01
2.891139542665976592e+01
2.093256115890447688e+01
2.319296842121694979e+01
2.705166260896966435e+01
2.768657508510229803e+01
2.672302140385216518e+01
2.320666556869774055e+01
2.453941724340842967e+01
2.981301678574376979e+01
2.707745272797893321e+01
2.272882040731520803e+01
2.902854156054008428e+01
2.644412915971265576e+01
2.658369773855422835e+01
2.664016573902551244e+01
2.721060229683855525e+01
2.622368858377236478e+01
2.703966938413128673e+01
2.666562972667910714e+01
2.568288571654629493e+01
2.817823582280681904e+01
2.981806760113445165e+01
2.221445696225165634e+01
3.007521511999663488e+01
2.738117953868003340e+01
2.887134753396250986e+01
2.693655616737381564e+01
2.629863491990442625e+01
2.585522284869637133e+01
2.607697214106012495e+01
2.522803741823730661e+01
2.427096086067387049e+01
2.589604761908701391e+01
2.822208425349788286e+01
2.427876098829388241e+01
3.064559913708582428e+01
2.373239582546822746e+01
2.597795161882290671e+01
3.013381357640503211e+01
2.538559449438016813e+01
2.519481075410213577e+01
2.359317371802842089e+01
2.196353514087152803e+01
2.705697263350970161e+01
2.792063360528018023e+01
2.377030600165398511e+01
2.300127604253362534e+01
2.603209424569168107e+01
2.520534000965677279e+01
2.526894396068476212e+01
3.178977748007375936e+01
2.509469849400722197e+01
2.703732017953706190e+01
2.560763016675970150e+01
2.768725970922439572e+01
2.552545881518255300e+01
2.394229785033494551e+01
2.779816912393595274e+01
2.531115722015983138e+01
1.926704669706342088e+01
2.516804796195940952e+01
2.186663802004072465e+01
2.362957305261417318e+01
2.713827355845908329e+01
2.599984217479678250e+01
2.359739536826959139e+01
2.619003457229452891e+01
2.061671626079068531e+01
2.457562817596578952e+01
2.326635642466076703e+01
2.714001202440525873e+01
2.669358323944845068e+01
2.780473868157262274e+01
2.213094233543300859e+01
1.997395435207652525e+01
2.481910355423009307e+01
2.635868758307869442e+01
2.792888048083776908e+01
2.436598089743560891e+01
2.713425393253517370e+01
2.366059510431955459e+01
2.377480353871654728e+01
2.167514218317465691e+01
2.347174248084908754e+01
2.645265386875390590e+01
2.182909012307808183e+01
2.452963684198261163e+01
2.303050233283448023e+01
2.420639064054584111e+01
2.846571074084187813e+01
2.998881279713491566e+01
2.070999109451313913e+01
2.428037985464219872e+01
2.842975482611811344e+01
2.486829151100313595e+01
2.398880306639369664e+01
2.537222279996573349e+01
2.482262543803073029e+01
2.640863066996956476e+01
2.409740839961378001e+01
2.536360705686720962e+01
2.292117443394768728e+01
2.382333702829773614e+01
2.014394428565540096e+01
2.908769870957280546e+01
2.545762947742840510e+01
2.758413752377464334e+01
2.696347676801925886e+01
2.777415377976070232e+01
2.361320961026019205e+01
2.930316931673807090e+01
2.410451789052067539e+01
2.087123125070522534e+01
2.823967383881067406e+01
2.645856894988598640e+01
2.106383807854029655e+01
2.571128207141437727e+01
2.785856945539018170e+01
2.415661393306543658e+01
2.681915170525385150e+01
2.446503226098271710e+01
1.901691028148706764e+01
2.679818096776676839e+01
2.683125242412944189e+01
2.329931862332270143e+01
2.630435218088506844e+01
2.557335940983315936e+01
2.795826478255209935e+01
2.388578177457759821e+01
2.598536642392582863e+01
2.538407794082522528e+01
2.448032652166600087e+01
2.810482203194197837e+01
2.767634449269068497e+01
3.084767047428739417e+01
2.774025253779197797e+01
2.729583145792829058e+01
2.619489986946172877e+01
2.838751473853193730e+01
2.733805295118659018e+01
2.612725476349588405e+01
2.273582343475466061e+01
2.412600261499486010e+01
2.703669704000748197e+01
2.360063968715135729e+01
2.671208564862205037e+01
2.877901622429412498e+01
2.526224121588892046e+01
2.504935942742749333e+01
2.287561191836968888e+01
2.637390599346950992e+01
3.159876681152654143e+01
2.304032874750269144e+01
2.464521554417849103e+01
2.557461429702167877e+01
2.447552915608543245e+01
2.663417379771172477e+01
2.787699985011771986e+01
2.885219626028370499e+01
2.998074467911136054e+01
2.456011156170629661e+01
2.236606875918025139e+01
2.627999785535469002e+01
1.936249575968145109e+01
2.082906118412040541e+01
2.127952039063443834e+01
2.726536364559096270e+01
1.879556551899170103e+01
2.916218823369259283e+01
2.512849699908172951e+01
2.350260704897462460e+01
2.492707285018822461e+01
2.012151817831309231e+01
2.519658055460189416e+01
2.774252989989081897e+01
2.063886185511481841e+01
2.306218757826319177e+01
2.351392935055412892e+01
2.721153390812564155e+01
2.651281279704591398e+01
2.574103726823572913e+01
2.427804855080868052e+01
2.727041969393462040e+01
2.729543125118520663e+01
2.692924741819416568e+01
2.425741898027716914e+01
2.326621942174450552e+01
2.856804966811840885e+01
2.370991179232441581e+01
2.106164732361174785e+01
2.187758596486460760e+01
2.743156698719082698e+01
2.701873828647057252e+01
2.820854441266893886e+01
2.685987044744997121e+01
2.646995693699535579e+01
2.330081546850797380e+01
2.522650486842639950e+01
2.378351779288203716e+01
2.523401586674911101e+01
2.788155544649166018e+01
2.485850864100846280e+01
2.895034456413286961e+01
2.685093857104122961e+01
1.957465722578846368e+01
2.772996975565591882e+01
2.829034713704297133e+01
2.334792224442492881e+01
2.394942269554695002e+01
2.505237745505653280e+01
2.574054042203188430e+01
2.500703936754981527e+01
2.453588678471342988e+01
2.055551784465242093e+01
2.747097578186571099e+01
2.404891023634449709e+01
2.557997549902246348e+01
2.913202999906071256e+01
2.516565238677033989e+01
2.676015550659011311e+01
2.586157590544788576e+01
2.478324088966635941e+01
2.577752104166669866e+01
2.273480372163523455e+01
2.547608642864620521e+01
2.533890860052055416e+01
3.081529492135767256e+01
2.575492714731713662e+01
2.313586359612300924e+01
2.166723219453847804e+01
2.069016694633827314e+01
3.012050903813389979e+01
2.936587260006375999e+01
2.244257231290097820e+01
2.764737431835607850e+01
2.642909940473482777e+01
2.346450389346654575e+01
2.584891243510395498e+01
2.542841883596235775e+01
2.426078472846821654e+01
2.529472954691251374e+01
2.488016642235506382e+01
2.589032613555949069e+01
2.165851881041222882e+01
2.700406076631085384e+01
2.684045092026663681e+01
2.676907204791268668e+01
2.177741186648663074e+01
2.393930661332012377e+01
2.634771601868347801e+01
2.484661264221247379e+01
2.472334281116174637e+01
2.655726930351579185e+01
2.422264670282126886e+01
2.259937769111936134e+01
2.567284637207176345e+01
2.407995673119933500e+01
2.872610977770022345e+01
3.038061169110380888e+01
2.402185184861500034e+01
2.584920571081359952e+01
2.465434221885008981e+01
2.187717015601636916e+01
2.666357924241527044e+01
2.755388627325049455e+01
2.741709313284383498e+01
2.658360300174118862e+01
2.248565590075726561e+01
2.115505705424903482e+01
2.397721421804338959e+01
2.738713051520576158e+01
2.779844953089585502e+01
2.694429823850719430e+01
2.235863340986679759e+01
2.725112817206957416e+01
2.304094798176292258e+01
2.517320289524870347e+01
2.294338004054364433e+01
3.132177977546379566e+01
2.560660912767841779e+01
2.354008054500014779e+01
2.398417911798597757e+01
2.410792550451206040e+01
2.377181442619240315e+01
2.734522762106431060e+01
2.675957292537879795e+01
2.603269628006803060e+01
