2.498263822360677366e+01
2.380476134803438271e+01
2.738497866744619813e+01
2.816328873024498591e+01
2.796329377234966529e+01
2.741729917415299767e+01
2.650656382782508658e+01
2.106028000009542822e+01
2.967312701594241986e+01
2.625497302589388227e+01
2.702039106900160448e+01
2.828740580736850418e+01
2.908338125720498013e+01
2.654599502827297997e+01
2.658886539823913253e+01
2.400193930635069961e+01
2.558272437784690112e+01
2.336459684796411551e+01
2.370014866964526234e+01
2.326606399421452309e+01
2.510994027250678329e+01
2.812273296980002613e+01
3.342743693322545084e+01
2.597374909386978459e+01
2.212896728060970020e+01
2.866245832464063881e+01
2.474804030880993366e+01
2.384847851505751848e+01
2.602462369480763726e+01
2.239843850110943180e+01
2.605615791002151838e+01
2.527906119200211421e+01
2.574594476703869006e+01
2.645354063552292700e+01
2.566873064310201613e+01
2.554084521028223165e+01
2.621078629749486311e+01
2.653850156542781846e+01
2.292129384921185675e+01
2.192502185328637765e+01
2.534590486956946265e+01
2.191816127516472790e+01
2.571882867730417743e+01
2.784686718920577420e+01
2.701777917979011434e+01
2.287957398293631783e+01
2.334934387010620327e+01
2.632075323750189000e+01
2.449675548716622586e+01
2.470836176236973358e+01
2.699226620311988611e+01
2.303178326635586970e+01
2.449691322522204473e+01
2.349979380978849619e+01
2.289217625491161101e+01
2.335730452832208925e+01
2.719365542336602815e+01
2.562955097370605273e+01
2.330209842791231267e+01
2.492224598101750743e+01
2.140298173219455435e+01
2.366671798104083635e+01
3.087393633716821739e+01
2.527439037583562254e+01
2.732914731757598048e+01
2.533627906213879299e+01
2.637042308810452340e+01
2.715814522419793420e+01
2.273845850618382158e+01
2.542265935681510314e+01
2.944716298604122073e+01
2.351124862486677358e+01
2.408390036566945014e+01
2.473077180658249574e+01
2.617256018294061803e+01
2.681229465911470555e+01
2.866852913704664019e+01
2.674874558367164923e+01
2.534486718550416384e+01
2.864791782402703291e+01
2.726027755535395514e+01
2.176080120935746010e+01
3.181592060088999574e+01
2.992480347049183464e+01
2.507946444308231548e+01
2.644477525434618670e+01
2.881089687498959862e+01
2.506949801825779289e+01
2.732587947594254985e+01
2.826144618392869035e+01
2.296293523066389852e+01
2.399417036604284448e+01
2.780352099452645120e+01
2.665203619287207459e+01
2.780949140078486792e+01
2.516857996336570480e+01
2.477748697261441890e+01
2.050340131104156782e+01
2.263499893373139216e+01
2.561766523664623563e+01
2.756139304891059183e+01
2.682794591633923886e+01
2.517939506493074475e+01
2.482057108377325960e+01
2.604294908159570099e+01
2.569552795273038015e+01
2.901136378734927845e+01
2.586610192619562554e+01
2.179688509450675582e+01
2.231860466241920804e+01
2.929689834240895152e+01
2.257209884637480002e+01
2.741124363258383312e+01
2.482906816197654720e+01
2.507560426524378627e+01
2.516466804307895089e+01
2.855346239864799429e+01
2.501789542864008808e+01
2.541670179288711751e+01
2.167299125650126967e+01
2.601672627927001002e+01
2.682760626744514809e+01
2.609786395163446926e+01
2.899474065271683898e+01
2.563792838695058052e+01
2.624744364029754351e+01
2.962126002567044836e+01
2.162496452660462865e+01
2.436043663050157804e+01
2.906539688004816568e+01
2.784032287077770462e+01
2.719595024710117670e+01
2.758162684866119463e+01
2.631766552280255667e+01
2.957899356883067910e+01
2.644439792432679326e+01
2.609966776473819650e+01
2.589739668531410643e+01
2.598215988887596595e+01
2.260745679796033158e+01
2.742668263615835755e+01
2.517390066554168016e+01
3.005478774465101566e+01
2.531087382352894366e+01
2.655229571043914305e+01
2.611650546565333642e+01
2.393610741222686755e+01
2.798034207129626338e+01
3.026265910140004323e+01
2.546305695085038678e+01
2.474880303603644549e+01
2.461242817236156455e+01
2.076909526670664619e+01
2.505546714074246850e+01
2.612749529002081061e+01
2.813689481295070749e+01
2.790011935287482103e+01
2.445875229390826888e+01
2.480794251306527798e+01
2.830976326403609633e+01
2.506634025731780113e+01
2.422492615061095833e+01
2.898129612358567897e+01
2.809396416762658433e+01
2.554697947943564529e+01
2.401555638055333119e+01
2.047029920188822771e+01
2.697425901393680903e+01
2.325907569361955041e+01
2.059316997714812203e+01
2.946205131837254498e+01
2.711991947752472143e+01
2.265247951720758834e+01
2.246399654260185130e+01
2.767740445542904837e+01
2.330507345866032409e+01
2.874037466881970815e+01
2.704114828156538763e+01
2.684149130141705797e+01
2.651173863903575167e+01
2.597862718005977811e+01
2.770127799794277479e+01
2.436479909371098529e+01
2.571487993358596214e+01
2.737986646919299005e+01
2.690747429646532041e+01
2.251253298682834725e+01
2.424897583173934024e+01
2.613200876354788704e+01
2.447996322740025832e+01
2.993664640243333253e+01
2.451711701311471714e+01
2.509445388105827135e+01
2.742357544544325876e+01
2.632633185808728982e+01
2.513681385698807702e+01
2.360876617779813103e+01
2.625378514349191406e+01
2.809774110094598143e+01
2.669773806024556961e+01
2.355454119635969334e+01
2.984193739244177834e+01
2.188355527491026464e+01
2.154328589549302819e+01
2.790139306114307161e+01
2.606460119650672524e+01
2.412625363423989810e+01
2.275357318111167615e+01
3.130199959820074440e+01
2.579272718038860646e+01
2.683550292711442964e+01
2.629471274309545237e+01
2.658701989432789503e+01
2.685023615131201424e+01
2.733106002438719173e+01
2.456194399809831808e+01
2.477089503412038951e+01
2.114744297910274540e+01
2.354923898374615021e+01
2.617778199111678816e+01
2.811255843875672511e+01
2.699759881594046007e+01
2.464826914030517457e+01
2.234206771978711359e+01
1.855660213643141532e+01
2.837933493695199871e+01
2.402692753372462420e+01
2.437883748448985344e+01
2.582893491977017320e+01
2.198609988152027483e+01
2.462554454972115892e+01
3.055867987442493572e+01
2.676346734644335612e+01
2.639812289128364142e+01
2.154376380504560373e+01
3.110900473645660114e+01
2.194301272843414452e+01
3.030581188861099662e+01
2.021235996203048302e+01
2.901341359681105203e+01
2.954513567250056383e+01
2.343897719668041191e+01
2.655645093068220675e+01
2.686870143026166247e+01
2.346551379192173670e+01
2.187720597315767534e+01
2.220570664214808687e+01
2.685252054989951986e+01
2.528721099370148551e+01
2.408924741674459824e+01
2.791692002791614868e+01
2.677016977347869542e+01
2.361134318408591781e+01
2.249699620245652554e+01
2.680815434672019393e+01
2.415604157860484591e+01
2.574801215632875540e+01
2.944074743156929230e+01
2.675582060018695074e+01
2.334433250061690757e+01
2.590165297454943172e+01
2.311838761796153108e+01
2.952130538987180941e+01
2.409605312599194704e+01
2.601817686743404678e+01
2.626933143669857884e+01
2.589812617093425473e+01
2.060362761215865390e+01
2.188394734004167930e+01
2.436912431107727173e+01
2.629857958332882717e+01
2.515555196428557494e+01
2.310713131712245882e+01
2.212893920219574895e+01
2.449610613875164233e+01
2.432880988830069313e+01
2.678209114398189072e+01
2.468420384460420536e+01
2.700676914107332394e+01
2.401337557569898706e+01
2.486010582696432891e+01
2.462988405089345179e+01
2.354408258274477461e+01
2.706279664108432570e+01
2.346601000726373343e+01
2.419589622507345439e+01
2.531720088512950539e+01
2.225655086010814898e+01
2.468766260419875280e+01
2.372173410064302956e+01
2.452961451879437504e+01
2.535017999332227490e+01
2.350021594214833698e+01
2.494981055044911145e+01
2.877167188088044725e+01
2.543550360436378099e+01
2.836315543254806215e+01
2.636623610501690251e+01
2.743540152454703929e+01
2.356385257807293598e+01
2.576226791271378147e+01
2.583478230653868835e+01
2.396843565281266208e+01
2.344292918926429437e+01
2.177433653023175353e+01
2.924034909237908053e+01
2.306899277661875658e+01
2.886555268305574984e+01
2.433126706585536780e+01
2.334376675068816454e+01
2.705629785076249405e+01
2.392202014563285672e+01
2.692114729731069289e+01
2.466797058786947616e+01
2.670106124029446804e+01
2.307953484023223822e+01
2.757837764496192179e+01
2.671993170665751194e+01
2.320087327484334594e+01
3.210733930253685742e+01
2.685030756600123425e+01
3.122616767632634804e+01
2.950066954687189735e+01
2.502791304945554174e+01
2.446932061348864096e+01
2.449135204144799616e+01
2.092492862393047659e+01
2.376041220162613143e+01
2.611691505994992468e+01
2.931489390221202029e+01
2.356807029255449493e+01
2.770514149840752793e+01
2.236851664624170155e+01
2.403419993697216839e+01
2.435589851427618413e+01
2.642952770374373372e+01
2.664327411680202928e+01
2.790585436203586411e+01
2.742709240101234158e+01
2.610792053850622807e+01
2.647591235877155569e+01
2.947132672774383266e+01
2.422268454691934281e+01
2.743682079766790594e+01
2.097964018375436979e+01
2.652833560724402062e+01
2.429187614380223081e+01
2.550642795607877389e+01
2.810021561263425838e+01
2.591160952381599358e+01
2.771296885302231772e+01
2.918441203784601257e+01
2.647273492216429958e+01
2.842760266155121940e+01
2.468359755580198112e+01
2.547947529432596525e+01
2.419345145900380345e+01
2.810744398661594090e+01
2.653522838448398602e+01
2.423191384526269232e+01
2.588667208411582976e+01
2.810392097204645268e+01
2.540183002240511811e+01
2.312766797287559228e+01
2.582977938946853058e+01
2.054858602232765108e+01
2.742192661099868900e+01
2.444668103168829987e+01
2.432672315930223306e+01
2.768923919694876545e+01
2.208709280693707910e+01
3.036774660705089346e+01
2.429939489565444077e+01
2.419187264153776340e+01
2.805306185791790696e+01
2.727173818277606543e+01
3.162807429768768941e+01
2.497198504092120075e+01
2.519898340333897480e+01
2.180171005009186658e+01
2.466974430662793694e+01
2.369642176107061005e+01
2.437808246723625061e+01
2.113953060861511091e+01
2.965151889973628485e+01
2.195849129393590005e+01
1.849449300402071827e+01
2.252893894604245162e+01
2.399040111800962194e+01
2.262611484185720556e+01
2.824575885183127966e+01
2.515540205350976422e+01
2.556346401101614774e+01
2.702597941076353294e+01
2.621503131744529469e+01
2.794641824361510629e+01
2.272630611590963667e+01
2.413120474830142115e+01
2.716491786517384455e+01
1.916361384478942398e+01
2.206203880170689757e+01
2.675248058044986621e+01
2.429937741251268690e+01
2.784026887527424421e+01
2.752295074213290604e+01
2.250476779952240491e+01
2.651664271866720313e+01
2.850424463916876761e+01
2.586858600412742959e+01
2.305633780688532752e+01
2.769847485478342364e+01
2.708856131638498965e+01
2.685652695874698992e+01
2.728984723359247866e+01
1.801346784943095258e+01
2.770234390270242741e+01
3.002032952644744057e+01
2.659159618657323421e+01
2.598182249124931786e+01
2.724109668347859881e+01
2.634556368421278805e+01
2.712945315425153936e+01
2.550367750061352723e+01
2.358323786365775021e+01
2.298919321946346628e+01
2.300452067942033807e+01
2.206739362262276316e+01
2.283064497245223379e+01
2.990316531854965731e+01
2.738523915914060680e+01
2.393743152328832124e+01
2.452401826503622928e+01
2.578139382726613604e+01
2.386113742628910472e+01
2.566879214293581057e+01
2.744401034475728096e+01
2.541064316612956731e+01
2.634003935665498020e+01
2.771622884839904088e+01
2.481967060995447838e+01
2.621197649783590933e+01
2.472655601779159795e+01
2.542867782541395982e+01
2.468817433729260102e+01
2.417782536610971178e+01
2.593427963246755752e+01
2.691636328954552937e+01
2.586576111500260922e+01
2.674681739577982853e+01
2.365517054939692443e+01
2.249066201950055088e+01
2.654260875741901060e+01
2.721970347793688561e+01
2.562464316649955620e+01
2.887008945106179780e+01
2.776924699496974824e+01
3.220142710192250490e+01
2.499797871501083790e+01
2.300287800976158081e+01
2.364965802315121479e+01
2.408625548406335781e+01
2.669007845859528771e+01
2.010482859009685797e+01
2.879637754522709159e+01
2.490175852214413865e+01
2.488301610552812093e+01
2.280164208493751232e+01
2.521443612137455048e+01
2.553309941916883474e+01
2.519513768099930573e+01
2.634764813985607645e+01
2.402591989512242421e+01
2.326046059897293361e+01
2.687082032624494943e+01
2.574666863453948906e+01
2.599295263799341882e+01
2.814756813610491548e+01
2.294358902184828608e+01
2.336189885687284118e+01
2.864304912707248718e+01
2.179279160606489540e+01
2.222646963417246369e+01
2.754465457796248984e+01
2.609550048005509737e+01
2.576308034264819113e+01
2.527085147974904089e+01
2.557816886756892316e+01
2.526971971327010991e+01
2.888860675648604470e+01
2.450462967812481097e+01
2.509656615930555290e+01
2.998612201306268332e+01
2.556877425507459023e+01
3.108004097381294528e+01
2.523755074745261595e+01
2.891853745615039628e+01
2.136163990422580383e+01
2.588411115203916424e+01
2.153881609212266213e+01
2.761113576651146673e+01
2.246783045947743673e+01
2.620942388595836547e+01
2.479451030827391378e+01
2.260449203703992893e+01
2.145160004275614440e+01
2.422239884104972418e+01
2.985157361473832793e+01
2.476628736277655563e+01
2.779305385528963868e+01
2.535739283084452822e+01
2.769181693422613222e+01
2.093272155423870373e+01
2.449202923287616684e+01
2.787351380948304680e+01
2.509186262791705246e+01
2.528386179322238192e+01
2.442384522028551785e+01
2.837344845841781193e+01
2.624378588488736597e+01
2.561005569043836871e+01
2.710763636334823090e+01
2.697056232279484078e+01
2.603146761609384185e+01
2.936757874247711086e+01
2.534928116590220171e+01
2.619520261991986132e+01
2.389261861661777431e+01
2.587528806751532429e+01
2.946940380936342052e+01
2.389185599552815376e+01
2.266601793590385228e+01
2.799189910704954087e+01
2.512808461941580163e+01
2.574001051242442628e+01
2.538721674076666446e+01
2.569780430982383734e+01
2.762632670880859465e+01
2.340218952350181780e+01
2.297056478973627947e+01
2.571242034259426745e+01
2.148390077637541751e+01
2.206736615989517958e+01
3.016670787082906813e+01
2.739367082515351015e+01
2.547485882032746218e+01
2.859501733989609917e+01
2.289850192478713709e+01
2.471099219153535387e+01
2.705863402356095548e+01
2.772667920357848814e+01
2.678229211706944213e+01
1.914690298077943709e+01
2.307979470583855530e+01
2.669267023089216195e+01
2.461012126738298278e+01
3.185057905189793104e+01
2.781639575241774054e+01
2.689520470154666398e+01
2.270762611563318956e+01
2.541175815099271063e+01
2.610300991054738162e+01
2.831945907531950724e+01
2.770282774274907922e+01
2.808247298629986233e+01
2.319021996047499456e+01
2.903037924574657680e+01
2.204892311923182646e+01
2.416021359583459471e+01
2.657692783736410291e+01
2.512527102066715301e+01
2.298490785519902246e+01
2.344612543599216892e+01
2.162936419287739298e+01
2.682993659751797821e+01
2.865142211260537408e+01
2.524901624149658375e+01
2.449912796246644220e+01
2.181919267883377600e+01
2.778300481063044458e+01
3.102826083309873439e+01
2.100636048908275555e+01
2.284141765461348328e+01
2.380101739363963986e+01
2.408920522579377632e+01
2.606836487535870361e+01
2.953562386820056673e+01
2.802149321715025820e+01
2.681899345693578951e+01
2.369017823985349480e+01
2.270092941579886414e+01
2.350806173423424639e+01
2.937016700344684494e+01
2.534564174635524836e+01
2.438290936584344593e+01
2.504061067437502075e+01
2.756154554909617005e+01
2.221787581362552189e+01
2.903718533980605798e+01
2.589119064236574630e+01
2.495914005426068627e+01
2.660711528436684858e+01
2.604599268282484203e+01
2.463950885883154740e+01
2.486822331989598212e+01
2.332784363283511908e+01
2.714097687714825469e+01
2.417001547647209492e+01
2.310935394391929165e+01
2.591465880663384169e+01
2.882285320686388275e+01
2.537913844055045232e+01
2.397974685762077485e+01
2.650974005208993489e+01
3.034178115600638037e+01
2.187023617642063300e+01
2.645550696946323299e+01
2.601271656307963553e+01
2.840383450889779482e+01
2.797727293421211314e+01
2.503322722047555260e+01
2.128870686143779167e+01
2.751640941974064702e+01
2.341201827452129081e+01
2.313314897260702452e+01
2.837087645172781691e+01
2.322287405590336817e+01
2.900711185025060956e+01
2.633961180351328224e+01
2.629779600021570474e+01
2.626816195126397702e+01
2.140394093564551881e+01
2.105902845913356103e+01
2.603888263447171170e+01
2.692001839806604835e+01
2.570652758039050312e+01
2.344616370745118061e+01
2.554730525970548527e+01
2.529491461713628908e+01
2.310710475431147515e+01
2.803493038528040415e+01
2.117430984612478539e+01
2.697185601701876578e+01
2.646080851302811254e+01
2.802427963702928437e+01
2.298672031912785485e+01
2.575351786667052778e+01
3.092791237329541332e+01
2.715518572249926521e+01
2.575145302182240670e+01
2.684790318528549236e+01
2.571544210595029867e+01
3.097724503309959942e+01
2.795909048947294906e+01
2.528596261442375592e+01
2.613082857846130480e+01
2.452300500979746545e+01
2.852462531602576234e+01
2.198473807152247161e+01
2.148815367534753307e+01
2.914678687418998493e+01
3.088279948142645637e+01
2.667076226922397808e+01
2.578184485308934271e+01
2.714316922576194457e+01
2.388236618404310008e+01
2.592810886288053140e+01
2.559727176464053855e+01
2.706641062686340149e+01
2.160500367954151102e+01
2.423241307558665625e+01
2.761248900750209145e+01
2.381101543092484363e+01
2.301659656144216015e+01
3.060518037456738583e+01
2.559529500044850181e+01
2.405270465014197967e+01
2.126907390631473049e+01
2.732336586570106363e+01
2.724784038429673316e+01
2.475310099857516022e+01
2.274442452273227389e+01
2.543862644089405123e+01
2.341035983129594555e+01
2.314476602781721226e+01
2.524196812134573165e+01
2.287152400334984037e+01
2.611662238813111614e+01
2.701998127351599166e+01
2.340091888206702109e+01
2.207938726165402343e+01
2.940319899738951648e+01
2.314932441010698838e+01
2.385014323724415419e+01
2.603254291857471969e+01
2.699842343130574207e+01
2.485920776577589209e+01
2.665198581925313803e+01
2.449753460525899840e+01
2.307207333793902393e+01
2.906579215196756749e+01
3.172110403582782112e+01
2.973992383253542471e+01
2.585451659788363443e+01
3.008358840453919569e+01
2.638925878930995950e+01
2.430678432399192701e+01
2.666594893595494753e+01
2.526401873397203701e+01
2.304220454063572987e+01
2.325419507141996078e+01
2.750512934685129096e+01
2.088367004583831843e+01
2.701034185110670904e+01
2.142604099312890398e+01
2.019705888774391056e+01
2.090288349060375594e+01
3.041690992983684794e+01
2.500941508764114474e+01
2.571645795041354887e+01
2.904813761477737799e+01
2.783544937124931096e+01
2.202123682648944936e+01
2.767251585704690342e+01
2.596045316175886697e+01
2.464580475601029974e+01
2.556072728534445204e+01
2.869953005157005421e+01
2.328508379489761637e+01
2.650221419776030274e+01
2.547585690866772978e+01
2.100708846151095344e+01
2.349436707067297192e+01
2.598303388308424289e+01
2.874335522273222665e+01
2.800332754336682228e+01
2.699303126100856076e+01
2.346181084715885490e+01
3.000303497702133626e+01
2.603810116909902916e+01
2.298408619580362355e+01
2.504273754785762307e+01
2.774062106339039957e+01
2.551904374579539692e+01
2.771716171645690352e+01
2.825923489365537478e+01
2.650132671149676611e+01
2.335574344238276367e+01
2.583863665797495202e+01
2.561291463984707661e+01
3.014836583462907171e+01
2.143419515543292420e+01
2.516294387226411544e+01
2.403976613301270149e+01
2.633776405048999791e+01
1.940608910200160864e+01
2.828731139872569855e+01
2.553437121833883339e+01
2.088824709092988385e+01
2.459721716315033291e+01
2.702240585413630924e+01
2.152138031135492113e+01
2.550805554110788975e+01
2.285631588049617591e+01
2.411003742030258223e+01
2.556684595668659199e+01
2.595862563395393963e+01
2.432314375454318167e+01
2.618199097382565910e+01
2.754494401813701288e+01
2.480271431224189982e+01
2.907891939362322731e+01
2.915553542695104738e+01
2.442824483603542873e+01
2.390539860881603929e+01
2.133956753708456588e+01
2.518357667090152674e+01
2.459140554970987225e+01
2.744762805033247943e+01
2.172584598482925244e+01
2.480652152064222449e+01
2.792186098277786499e+01
2.367410726110509955e+01
2.359409615818097805e+01
2.188264916311047870e+01
3.205143461504560065e+01
2.363131705483655054e+01
2.224913291945415139e+01
2.349037398992119918e+01
2.356426229878298884e+01
2.482652555387189963e+01
2.756343058021878534e+01
2.475419207751041739e+01
2.319294171250793113e+01
2.187165375452243765e+01
2.555464339554967879e+01
2.560634768507447845e+01
2.932733087757206292e+01
2.573111933867452095e+01
2.525247922178980531e+01
2.287336540853127786e+01
2.473511856225401928e+01
2.440381385491348354e+01
2.457458958871574239e+01
2.310186151839852897e+01
2.684582400819044068e+01
2.514388645622657492e+01
2.499911629998753071e+01
2.121488470987750929e+01
2.673411021881215888e+01
2.671753831495095000e+01
2.340217649289446555e+01
2.797530345969798304e+01
2.208810442479391867e+01
2.544532522802730057e+01
2.482198165027459069e+01
2.220706302798551235e+01
2.597425653019999103e+01
2.975642538060447606e+01
2.566908557516729772e+01
2.434244561472737445e+01
2.661756039221419456e+01
2.576429998866788651e+01
2.556940532906375196e+01
2.443614446807137952e+01
2.905493889823116049e+01
2.664090840870196431e+01
2.417832335266128041e+01
2.522999040804760540e+01
2.364783323948982030e+01
2.397927212479626391e+01
2.389818568952450306e+01
2.266422101569443015e+01
2.744319240941988980e+01
2.477239634181743710e+01
2.688531894581692328e+01
2.382468525568175721e+01
2.534909376401915182e+01
2.372239850802222350e+01
2.729917042634333058e+01
2.487895173323740394e+01
2.367281603512153509e+01
2.139574192797553920e+01
2.618916637335193442e+01
2.372903736915473161e+01
2.546055195719751296e+01
2.427067472996618136e+01
2.788547395224691172e+01
2.686036188089502019e+01
2.661803021863707741e+01
2.395969719169130130e+01
2.666572510887547409e+01
2.978707902169010779e+01
2.341953491462484394e+01
2.593084784807297183e+01
2.137695756395716984e+01
2.899640523031384021e+01
2.450521975352289772e+01
2.745644720210494327e+01
2.119192937320919157e+01
2.999384846781476099e+01
2.460782117993600338e+01
2.686414330867506806e+01
2.587704551583148316e+01
2.486132303453057801e+01
2.971448075664825694e+01
2.137988448408454900e+01
2.624678414998002296e+01
2.777661418057492426e+01
2.542535969590908351e+01
2.520457303908352031e+01
2.514328071981633883e+01
2.243090894897397902e+01
2.559531846023733692e+01
2.678179380868099813e+01
2.567149806870165207e+01
2.481930974713730009e+01
2.427568744406743306e+01
2.480175832680406955e+01
2.864436054374009544e+01
2.028341255144864164e+01
2.560017864136943899e+01
2.468061270675895713e+01
2.913951987959210754e+01
2.563873056360950642e+01
2.921231399674988438e+01
2.019027495488610313e+01
2.664896226208514207e+01
2.620014465009419879e+01
2.897633491768484504e+01
2.139662847794242850e+01
2.511241047970418450e+01
2.566515065446623112e+01
2.426051126363697819e+01
2.854144428435735037e+01
2.465329453638650747e+01
3.058690636005288610e+01
2.813544477234730579e+01
2.787708424250950046e+01
2.689824745347721091e+01
2.284076102243612993e+01
2.442225915622310595e+01
2.693187841714303943e+01
2.719389258396929421e+01
2.876795961270314450e+01
2.433139747593523339e+01
2.334961653768834111e+01
2.764776048196382519e+01
2.347593355989971897e+01
2.768327959017603135e+01
2.849934044103759589e+01
2.664038258956763983e+01
2.460605242007850535e+01
2.560270556535969888e+01
2.698366479900809622e+01
2.552546379678018340e+01
3.099574084667623097e+01
2.302332267343212635e+01
2.299332853157552137e+01
2.305776153316168831e+01
2.402605019363696215e+01
2.005267119951272647e+01
2.392587393264954798e+01
2.386678824518027753e+01
2.569628506293544135e+01
2.654450145801520478e+01
2.239945915898057294e+01
2.775013560691018100e+01
3.000560557447636967e+01
2.497928724226250807e+01
2.943592809368892915e+01
2.599747373601297085e+01
3.047182979648847834e+01
2.829320866422047587e+01
2.159023841290058243e+01
2.554656842665338701e+01
2.813581243726019565e+01
2.557636645260154395e+01
2.540779117288733246e+01
2.867441187578575779e+01
2.372536454463473987e+01
2.554378903319554439e+01
2.630906441152279740e+01
2.466552259911609113e+01
2.544967724030615486e+01
2.743755815806042619e+01
2.658209405374998369e+01
2.347820617005116617e+01
2.273969003550184453e+01
2.352724454935837528e+01
2.550312113947121517e+01
2.510015053060739376e+01
2.342010626695718756e+01
2.400462386870878362e+01
2.169990178701984007e+01
2.654463425804331678e+01
2.539995318662091606e+01
2.235053164148682470e+01
2.557155126046945881e+01
2.885655502627588476e+01
2.365016036758684947e+01
2.878784416430243098e+01
2.469135631879144199e+01
2.599457041962466874e+01
2.574437700605546198e+01
2.900380854001311448e+01
2.589608461696382946e+01
2.264524645199038488e+01
2.222257407389696837e+01
2.166769736642467947e+01
2.122007458976444738e+01
2.561533764738921093e+01
2.310406379943359667e+01
2.529797096764064790e+01
2.374035241002388474e+01
2.357303924823358798e+01
2.429788664781817786e+01
2.725896388660846981e+01
2.782286286942172637e+01
2.642793138162259936e+01
2.302544362613220130e+01
2.710907818863334739e+01
2.722224166651983168e+01
2.618661800903111114e+01
2.399094890995227303e+01
2.727214893841784971e+01
2.655704643669165321e+01
1.770785852100218705e+01
2.711113008352760545e+01
2.071564332284623333e+01
2.715890394147845299e+01
2.511481900393791022e+01
2.848402920187299614e+01
2.525459697198517262e+01
2.328346434985972024e+01
2.513161583854289205e+01
2.814951573733443624e+01
2.556561654465396671e+01
2.521416210031905791e+01
2.735888378877084293e+01
2.602589841657453107e+01
