;ZufallsZahl
0;25.0
1;23.8
2;27.4
3;28.2
4;28.0
5;27.4
6;26.5
7;21.1
8;29.7
9;26.3
10;27.0
11;28.3
12;29.1
13;26.5
14;26.6
15;24.0
16;25.6
17;23.4
18;23.7
19;23.3
20;25.1
21;28.1
22;33.4
23;26.0
24;22.1
25;28.7
26;24.7
27;23.8
28;26.0
29;22.4
30;26.1
31;25.3
32;25.7
33;26.5
34;25.7
35;25.5
36;26.2
37;26.5
38;22.9
39;21.9
40;25.3
41;21.9
42;25.7
43;27.8
44;27.0
45;22.9
46;23.3
47;26.3
48;24.5
49;24.7
50;27.0
51;23.0
52;24.5
53;23.5
54;22.9
55;23.4
56;27.2
57;25.6
58;23.3
59;24.9
60;21.4
61;23.7
62;30.9
63;25.3
64;27.3
65;25.3
66;26.4
67;27.2
68;22.7
69;25.4
70;29.4
71;23.5
72;24.1
73;24.7
74;26.2
75;26.8
76;28.7
77;26.7
78;25.3
79;28.6
80;27.3
81;21.8
82;31.8
83;29.9
84;25.1
85;26.4
86;28.8
87;25.1
88;27.3
89;28.3
90;23.0
91;24.0
92;27.8
93;26.7
94;27.8
95;25.2
96;24.8
97;20.5
98;22.6
99;25.6
100;27.6
101;26.8
102;25.2
103;24.8
104;26.0
105;25.7
106;29.0
107;25.9
108;21.8
109;22.3
110;29.3
111;22.6
112;27.4
113;24.8
114;25.1
115;25.2
116;28.6
117;25.0
118;25.4
119;21.7
120;26.0
121;26.8
122;26.1
123;29.0
124;25.6
125;26.2
126;29.6
127;21.6
128;24.4
129;29.1
130;27.8
131;27.2
132;27.6
133;26.3
134;29.6
135;26.4
136;26.1
137;25.9
138;26.0
139;22.6
140;27.4
141;25.2
142;30.1
143;25.3
144;26.6
145;26.1
146;23.9
147;28.0
148;30.3
149;25.5
150;24.7
151;24.6
152;20.8
153;25.1
154;26.1
155;28.1
156;27.9
157;24.5
158;24.8
159;28.3
160;25.1
161;24.2
162;29.0
163;28.1
164;25.5
165;24.0
166;20.5
167;27.0
168;23.3
169;20.6
170;29.5
171;27.1
172;22.7
173;22.5
174;27.7
175;23.3
176;28.7
177;27.0
178;26.8
179;26.5
180;26.0
181;27.7
182;24.4
183;25.7
184;27.4
185;26.9
186;22.5
187;24.2
188;26.1
189;24.5
190;29.9
191;24.5
192;25.1
193;27.4
194;26.3
195;25.1
196;23.6
197;26.3
198;28.1
199;26.7
200;23.6
201;29.8
202;21.9
203;21.5
204;27.9
205;26.1
206;24.1
207;22.8
208;31.3
209;25.8
210;26.8
211;26.3
212;26.6
213;26.9
214;27.3
215;24.6
216;24.8
217;21.1
218;23.5
219;26.2
220;28.1
221;27.0
222;24.6
223;22.3
224;18.6
225;28.4
226;24.0
227;24.4
228;25.8
229;22.0
230;24.6
231;30.6
232;26.8
233;26.4
234;21.5
235;31.1
236;21.9
237;30.3
238;20.2
239;29.0
240;29.5
241;23.4
242;26.6
243;26.9
244;23.5
245;21.9
246;22.2
247;26.9
248;25.3
249;24.1
250;27.9
251;26.8
252;23.6
253;22.5
254;26.8
255;24.2
256;25.7
257;29.4
258;26.8
259;23.3
260;25.9
261;23.1
262;29.5
263;24.1
264;26.0
265;26.3
266;25.9
267;20.6
268;21.9
269;24.4
270;26.3
271;25.2
272;23.1
273;22.1
274;24.5
275;24.3
276;26.8
277;24.7
278;27.0
279;24.0
280;24.9
281;24.6
282;23.5
283;27.1
284;23.5
285;24.2
286;25.3
287;22.3
288;24.7
289;23.7
290;24.5
291;25.4
292;23.5
293;24.9
294;28.8
295;25.4
296;28.4
297;26.4
298;27.4
299;23.6
300;25.8
301;25.8
302;24.0
303;23.4
304;21.8
305;29.2
306;23.1
307;28.9
308;24.3
309;23.3
310;27.1
311;23.9
312;26.9
313;24.7
314;26.7
315;23.1
316;27.6
317;26.7
318;23.2
319;32.1
320;26.9
321;31.2
322;29.5
323;25.0
324;24.5
325;24.5
326;20.9
327;23.8
328;26.1
329;29.3
330;23.6
331;27.7
332;22.4
333;24.0
334;24.4
335;26.4
336;26.6
337;27.9
338;27.4
339;26.1
340;26.5
341;29.5
342;24.2
343;27.4
344;21.0
345;26.5
346;24.3
347;25.5
348;28.1
349;25.9
350;27.7
351;29.2
352;26.5
353;28.4
354;24.7
355;25.5
356;24.2
357;28.1
358;26.5
359;24.2
360;25.9
361;28.1
362;25.4
363;23.1
364;25.8
365;20.5
366;27.4
367;24.4
368;24.3
369;27.7
370;22.1
371;30.4
372;24.3
373;24.2
374;28.1
375;27.3
376;31.6
377;25.0
378;25.2
379;21.8
380;24.7
381;23.7
382;24.4
383;21.1
384;29.7
385;22.0
386;18.5
387;22.5
388;24.0
389;22.6
390;28.2
391;25.2
392;25.6
393;27.0
394;26.2
395;27.9
396;22.7
397;24.1
398;27.2
399;19.2
400;22.1
401;26.8
402;24.3
403;27.8
404;27.5
405;22.5
406;26.5
407;28.5
408;25.9
409;23.1
410;27.7
411;27.1
412;26.9
413;27.3
414;18.0
415;27.7
416;30.0
417;26.6
418;26.0
419;27.2
420;26.3
421;27.1
422;25.5
423;23.6
424;23.0
425;23.0
426;22.1
427;22.8
428;29.9
429;27.4
430;23.9
431;24.5
432;25.8
433;23.9
434;25.7
435;27.4
436;25.4
437;26.3
438;27.7
439;24.8
440;26.2
441;24.7
442;25.4
443;24.7
444;24.2
445;25.9
446;26.9
447;25.9
448;26.7
449;23.7
450;22.5
451;26.5
452;27.2
453;25.6
454;28.9
455;27.8
456;32.2
457;25.0
458;23.0
459;23.6
460;24.1
461;26.7
462;20.1
463;28.8
464;24.9
465;24.9
466;22.8
467;25.2
468;25.5
469;25.2
470;26.3
471;24.0
472;23.3
473;26.9
474;25.7
475;26.0
476;28.1
477;22.9
478;23.4
479;28.6
480;21.8
481;22.2
482;27.5
483;26.1
484;25.8
485;25.3
486;25.6
487;25.3
488;28.9
489;24.5
490;25.1
491;30.0
492;25.6
493;31.1
494;25.2
495;28.9
496;21.4
497;25.9
498;21.5
499;27.6
500;22.5
501;26.2
502;24.8
503;22.6
504;21.5
505;24.2
506;29.9
507;24.8
508;27.8
509;25.4
510;27.7
511;20.9
512;24.5
513;27.9
514;25.1
515;25.3
516;24.4
517;28.4
518;26.2
519;25.6
520;27.1
521;27.0
522;26.0
523;29.4
524;25.3
525;26.2
526;23.9
527;25.9
528;29.5
529;23.9
530;22.7
531;28.0
532;25.1
533;25.7
534;25.4
535;25.7
536;27.6
537;23.4
538;23.0
539;25.7
540;21.5
541;22.1
542;30.2
543;27.4
544;25.5
545;28.6
546;22.9
547;24.7
548;27.1
549;27.7
550;26.8
551;19.1
552;23.1
553;26.7
554;24.6
555;31.9
556;27.8
557;26.9
558;22.7
559;25.4
560;26.1
561;28.3
562;27.7
563;28.1
564;23.2
565;29.0
566;22.0
567;24.2
568;26.6
569;25.1
570;23.0
571;23.4
572;21.6
573;26.8
574;28.7
575;25.2
576;24.5
577;21.8
578;27.8
579;31.0
580;21.0
581;22.8
582;23.8
583;24.1
584;26.1
585;29.5
586;28.0
587;26.8
588;23.7
589;22.7
590;23.5
591;29.4
592;25.3
593;24.4
594;25.0
595;27.6
596;22.2
597;29.0
598;25.9
599;25.0
600;26.6
601;26.0
602;24.6
603;24.9
604;23.3
605;27.1
606;24.2
607;23.1
608;25.9
609;28.8
610;25.4
611;24.0
612;26.5
613;30.3
614;21.9
615;26.5
616;26.0
617;28.4
618;28.0
619;25.0
620;21.3
621;27.5
622;23.4
623;23.1
624;28.4
625;23.2
626;29.0
627;26.3
628;26.3
629;26.3
630;21.4
631;21.1
632;26.0
633;26.9
634;25.7
635;23.4
636;25.5
637;25.3
638;23.1
639;28.0
640;21.2
641;27.0
642;26.5
643;28.0
644;23.0
645;25.8
646;30.9
647;27.2
648;25.8
649;26.8
650;25.7
651;31.0
652;28.0
653;25.3
654;26.1
655;24.5
656;28.5
657;22.0
658;21.5
659;29.1
660;30.9
661;26.7
662;25.8
663;27.1
664;23.9
665;25.9
666;25.6
667;27.1
668;21.6
669;24.2
670;27.6
671;23.8
672;23.0
673;30.6
674;25.6
675;24.1
676;21.3
677;27.3
678;27.2
679;24.8
680;22.7
681;25.4
682;23.4
683;23.1
684;25.2
685;22.9
686;26.1
687;27.0
688;23.4
689;22.1
690;29.4
691;23.1
692;23.9
693;26.0
694;27.0
695;24.9
696;26.7
697;24.5
698;23.1
699;29.1
700;31.7
701;29.7
702;25.9
703;30.1
704;26.4
705;24.3
706;26.7
707;25.3
708;23.0
709;23.3
710;27.5
711;20.9
712;27.0
713;21.4
714;20.2
715;20.9
716;30.4
717;25.0
718;25.7
719;29.0
720;27.8
721;22.0
722;27.7
723;26.0
724;24.6
725;25.6
726;28.7
727;23.3
728;26.5
729;25.5
730;21.0
731;23.5
732;26.0
733;28.7
734;28.0
735;27.0
736;23.5
737;30.0
738;26.0
739;23.0
740;25.0
741;27.7
742;25.5
743;27.7
744;28.3
745;26.5
746;23.4
747;25.8
748;25.6
749;30.1
750;21.4
751;25.2
752;24.0
753;26.3
754;19.4
755;28.3
756;25.5
757;20.9
758;24.6
759;27.0
760;21.5
761;25.5
762;22.9
763;24.1
764;25.6
765;26.0
766;24.3
767;26.2
768;27.5
769;24.8
770;29.1
771;29.2
772;24.4
773;23.9
774;21.3
775;25.2
776;24.6
777;27.4
778;21.7
779;24.8
780;27.9
781;23.7
782;23.6
783;21.9
784;32.1
785;23.6
786;22.2
787;23.5
788;23.6
789;24.8
790;27.6
791;24.8
792;23.2
793;21.9
794;25.6
795;25.6
796;29.3
797;25.7
798;25.3
799;22.9
800;24.7
801;24.4
802;24.6
803;23.1
804;26.8
805;25.1
806;25.0
807;21.2
808;26.7
809;26.7
810;23.4
811;28.0
812;22.1
813;25.4
814;24.8
815;22.2
816;26.0
817;29.8
818;25.7
819;24.3
820;26.6
821;25.8
822;25.6
823;24.4
824;29.1
825;26.6
826;24.2
827;25.2
828;23.6
829;24.0
830;23.9
831;22.7
832;27.4
833;24.8
834;26.9
835;23.8
836;25.3
837;23.7
838;27.3
839;24.9
840;23.7
841;21.4
842;26.2
843;23.7
844;25.5
845;24.3
846;27.9
847;26.9
848;26.6
849;24.0
850;26.7
851;29.8
852;23.4
853;25.9
854;21.4
855;29.0
856;24.5
857;27.5
858;21.2
859;30.0
860;24.6
861;26.9
862;25.9
863;24.9
864;29.7
865;21.4
866;26.2
867;27.8
868;25.4
869;25.2
870;25.1
871;22.4
872;25.6
873;26.8
874;25.7
875;24.8
876;24.3
877;24.8
878;28.6
879;20.3
880;25.6
881;24.7
882;29.1
883;25.6
884;29.2
885;20.2
886;26.6
887;26.2
888;29.0
889;21.4
890;25.1
891;25.7
892;24.3
893;28.5
894;24.7
895;30.6
896;28.1
897;27.9
898;26.9
899;22.8
900;24.4
901;26.9
902;27.2
903;28.8
904;24.3
905;23.3
906;27.6
907;23.5
908;27.7
909;28.5
910;26.6
911;24.6
912;25.6
913;27.0
914;25.5
915;31.0
916;23.0
917;23.0
918;23.1
919;24.0
920;20.1
921;23.9
922;23.9
923;25.7
924;26.5
925;22.4
926;27.8
927;30.0
928;25.0
929;29.4
930;26.0
931;30.5
932;28.3
933;21.6
934;25.5
935;28.1
936;25.6
937;25.4
938;28.7
939;23.7
940;25.5
941;26.3
942;24.7
943;25.4
944;27.4
945;26.6
946;23.5
947;22.7
948;23.5
949;25.5
950;25.1
951;23.4
952;24.0
953;21.7
954;26.5
955;25.4
956;22.4
957;25.6
958;28.9
959;23.7
960;28.8
961;24.7
962;26.0
963;25.7
964;29.0
965;25.9
966;22.6
967;22.2
968;21.7
969;21.2
970;25.6
971;23.1
972;25.3
973;23.7
974;23.6
975;24.3
976;27.3
977;27.8
978;26.4
979;23.0
980;27.1
981;27.2
982;26.2
983;24.0
984;27.3
985;26.6
986;17.7
987;27.1
988;20.7
989;27.2
990;25.1
991;28.5
992;25.3
993;23.3
994;25.1
995;28.1
996;25.6
997;25.2
998;27.4
999;26.0
