1.724375408313649416e+01
2.120299912764669159e+01
1.800987149399086107e+01
1.989366156086177995e+01
1.722168066811462950e+01
1.737574445356584363e+01
1.885932487314025252e+01
1.898616396732272094e+01
1.729647542253761827e+01
1.323789232948940864e+01
1.719931102130824030e+01
1.873371634152292131e+01
1.754230019527287254e+01
1.832116230308401228e+01
1.798688700771955240e+01
1.491698534104041940e+01
1.908907086313258361e+01
1.645585300490751379e+01
1.659718245289070992e+01
1.856371593002354103e+01
1.618309074918483503e+01
1.797115983046880672e+01
1.595956795777153125e+01
1.716245335785442450e+01
1.682772467901709135e+01
1.666845226001384006e+01
1.603036101243210609e+01
1.741877805547587599e+01
1.771838999734777431e+01
1.916671500314050292e+01
1.646712454669606984e+01
1.759486559808273043e+01
2.147315905644888545e+01
1.820527936505331468e+01
1.836888416990593598e+01
1.828000123799145982e+01
1.443227495040572528e+01
1.706096548057175966e+01
1.364853317568853441e+01
1.905038077547930442e+01
2.056051191574769277e+01
1.654818735442136557e+01
2.067426025140747825e+01
1.548110591049043272e+01
1.535451849970772642e+01
1.849491745195101444e+01
1.603123429204189421e+01
1.660603567138913661e+01
1.945520601395219273e+01
1.574558450197931414e+01
1.699215552776094995e+01
1.728901453011210165e+01
1.818138507944946980e+01
1.881795036492089324e+01
1.731357213768966474e+01
1.534232869571658142e+01
1.931806403730267618e+01
2.267564859377360165e+01
1.897656275850684082e+01
1.850910071068210172e+01
1.682384404124060495e+01
1.704621226244653798e+01
1.499869579509079465e+01
1.861119809833691718e+01
1.725558331401955314e+01
1.981822892219370402e+01
1.563341008472603733e+01
1.995579784776140286e+01
1.694207805409494227e+01
1.639998918593311572e+01
1.663040960021874071e+01
1.640382936237328337e+01
1.374099646423525023e+01
1.865077959666817264e+01
1.889374711480171243e+01
1.980142492157727929e+01
1.876949683481969799e+01
1.868075928549366793e+01
1.447869633564740433e+01
1.782959776150864784e+01
1.546019664119182124e+01
1.699764572021686959e+01
2.001391581852465507e+01
1.755799499752690096e+01
1.279541061114388256e+01
1.569716026565015454e+01
1.647848018851193785e+01
1.709381554836296147e+01
1.918844284954558432e+01
1.900621142667478125e+01
1.896186725557610941e+01
1.791815255164720000e+01
1.696880618829649023e+01
1.684898319193300509e+01
1.827780713434958315e+01
1.918112538556261981e+01
2.029474094207903079e+01
1.766852213342685829e+01
1.803068649476298191e+01
2.017377538287844985e+01
1.554360672430841639e+01
1.897809306347859959e+01
1.608169143654261291e+01
2.036886097372607196e+01
2.003062785290471481e+01
2.046056182142588398e+01
2.027487767272049624e+01
1.901309374750547221e+01
1.565843008279814974e+01
1.839059014348470456e+01
1.911231867620903913e+01
1.835923362454937546e+01
1.729384505899967905e+01
1.778241537831334540e+01
1.819767399850274714e+01
1.565279215210466290e+01
1.872245722183743410e+01
1.849883866896960427e+01
1.726290953322686406e+01
1.870220970532510307e+01
1.959455150982538285e+01
1.566999899659152717e+01
2.014720299146325289e+01
1.932937802510837599e+01
1.931099870495595638e+01
1.929519840525971119e+01
1.878595956857150640e+01
1.750116926828790298e+01
1.618006913912041966e+01
1.842238715336985422e+01
1.773923361925886155e+01
1.625142555027972691e+01
2.066733218105409975e+01
1.901295145547206999e+01
1.694039770770640629e+01
1.466603319907443570e+01
1.599147029373072826e+01
1.837946559650168155e+01
1.703608893663798440e+01
1.512854259519492750e+01
1.798040416606171732e+01
1.721426463571226151e+01
1.677528470753336620e+01
1.525916424992294473e+01
1.810239721810691904e+01
1.556941368273200155e+01
1.711722814170364870e+01
1.958902043777545288e+01
1.974006376109710459e+01
1.726945213603860196e+01
1.195698124737807788e+01
1.885940185573075567e+01
1.582791920354613602e+01
1.499192961480900088e+01
1.883186717463064852e+01
1.417038675580684526e+01
1.878244788636331108e+01
1.912914516226179273e+01
1.840477311006142358e+01
1.787720630148312395e+01
1.729808214367137253e+01
1.662914510084833353e+01
1.555244240073993289e+01
2.176343379596424654e+01
1.669970303711289361e+01
1.583777093033715211e+01
1.733215022990008691e+01
1.853964433520111754e+01
1.933738815056353744e+01
1.708956481469915545e+01
1.715748146713748667e+01
1.605791313280741406e+01
1.703902015709666529e+01
1.905752834496812298e+01
1.738815787171417782e+01
1.683923755273035994e+01
1.780779270934088032e+01
1.609297213578384245e+01
1.361702973737078004e+01
1.662414475105245870e+01
1.212011245862072073e+01
1.702399170415106155e+01
1.824078120970881400e+01
1.927760090540165550e+01
1.845380198998474697e+01
1.756531071434126545e+01
1.565379914561697028e+01
1.552213801581301844e+01
1.712198903530715555e+01
1.594294878873383681e+01
1.576809665921559755e+01
1.758037512309909545e+01
1.596691028666814205e+01
1.422977207757431550e+01
1.710699075398862590e+01
1.579061509483820913e+01
1.843161572648712365e+01
1.982916667720951409e+01
1.886800170290173284e+01
1.828560452635129607e+01
1.995814054816158034e+01
1.573452562080419881e+01
1.646226417089819094e+01
1.783391789703706820e+01
1.678778806617040686e+01
1.776131925781400156e+01
1.681940554396041065e+01
1.702796396251230959e+01
1.673081664332622864e+01
1.883922144276203881e+01
1.716491967567341348e+01
1.514119575736906498e+01
1.728072552139655471e+01
1.640408225159277222e+01
2.009900625707109612e+01
1.815218725501424402e+01
1.978729204079347781e+01
1.769989539453651517e+01
1.915768225187906637e+01
1.887679489877766414e+01
1.850447937707486545e+01
1.436847996633996338e+01
1.785928350746331006e+01
1.994939724702991413e+01
1.752422864757648924e+01
1.960598579424510035e+01
1.663542654213772209e+01
1.694771630217022818e+01
1.873942814159011760e+01
1.495562840706070418e+01
2.051053372315683276e+01
1.700441681759664903e+01
1.986414998688271538e+01
1.642366105322224712e+01
1.885316778636169488e+01
1.675154112263086859e+01
1.473057397797220602e+01
1.673790647358400818e+01
1.729561836862029978e+01
1.836375797217984740e+01
1.607838237892492828e+01
1.843539158083735785e+01
1.703325747216630859e+01
1.393781127810373732e+01
1.927220457220655803e+01
1.944042034332193936e+01
1.685689360726860997e+01
1.716279768629057756e+01
1.655683793286184624e+01
1.818478696112205029e+01
1.643850924403948710e+01
1.899709325298673335e+01
1.723993164065818817e+01
1.516353314848634426e+01
1.873534475413863021e+01
1.834703700067372267e+01
1.417379052780552584e+01
1.783448386188902290e+01
1.851009363970962340e+01
1.733175835954735078e+01
1.663680506745983223e+01
1.971140304515196107e+01
1.630957257944592698e+01
2.063782284961781244e+01
1.620079694097083944e+01
1.919220818109161542e+01
2.074817915860592876e+01
1.519145771791014354e+01
1.835996524499894278e+01
1.620208119062628072e+01
1.894311975482363763e+01
2.008449334199337244e+01
2.069505100000395004e+01
1.934789382712784800e+01
1.690321129930619648e+01
1.879978097113972879e+01
2.223994886303177410e+01
1.976863212746503251e+01
2.152119755218500075e+01
1.959772831771776680e+01
1.538444008893807435e+01
1.704253506016978648e+01
1.881699365639824251e+01
1.585381332819916089e+01
1.878778385005546170e+01
1.407736098761537136e+01
1.741491817743813897e+01
1.861169001150607372e+01
1.420807671607038358e+01
1.854681183084790064e+01
1.918768954012797323e+01
1.924447544091971096e+01
1.461265697055912760e+01
1.500509274362245016e+01
1.963552376141699796e+01
1.963850575843439117e+01
1.568908793030705873e+01
1.520077866839661951e+01
1.933669508593587238e+01
1.407744566879436476e+01
1.879202044750177336e+01
1.462930596516873827e+01
1.500966343922850754e+01
1.775466362050354974e+01
1.878140589813869710e+01
1.883043818947253811e+01
1.783067668796563865e+01
1.600561781635536107e+01
1.610743444636235822e+01
1.798024682931476548e+01
1.878490112070063844e+01
1.593324944197138926e+01
1.629100588530136307e+01
1.644614819811158668e+01
1.761594974547211478e+01
1.581947024194091966e+01
1.748601677163574664e+01
1.788573856828096709e+01
1.843083129640339735e+01
1.832954382102554547e+01
1.525464132032751152e+01
1.761787886907281830e+01
1.830837802299851091e+01
1.626960484959360542e+01
1.679932908040286321e+01
2.001999998818392612e+01
1.396059993561743440e+01
2.140841226556717913e+01
1.970176429828409681e+01
1.696114951324010534e+01
2.043626408200686129e+01
1.577631779392801015e+01
1.845467790433897193e+01
1.500492521600879492e+01
2.034554447834586099e+01
1.636027646969774096e+01
1.907406211756396175e+01
1.789918791375848883e+01
1.684939372469370866e+01
1.654423602158756523e+01
2.208779456526007579e+01
1.631436638906664172e+01
1.848268529901794466e+01
1.875287655678351229e+01
1.960128119513055012e+01
1.952338724568798156e+01
1.554306022093648920e+01
1.751595864052391605e+01
1.874746362219555351e+01
1.809190188188256698e+01
1.629430352191333142e+01
1.669799416657309976e+01
1.743610144260823347e+01
1.549665487963963351e+01
1.746728404730353645e+01
1.859641679417742210e+01
1.851250231942863778e+01
1.845252536602725257e+01
1.592262116853119380e+01
1.459008813487220024e+01
1.814578323083192402e+01
1.623440461512523925e+01
1.822960272066160314e+01
2.036850226286341581e+01
1.787508412797201984e+01
1.712063309169941761e+01
1.619136253585394769e+01
1.581892455730915614e+01
1.983501126317015562e+01
1.313175399424924805e+01
1.717748699173144900e+01
1.966251935236365256e+01
1.568991189024367472e+01
1.739494851896575511e+01
1.702180694265365446e+01
1.854393278319610872e+01
2.011651952965366519e+01
1.672779186825982123e+01
1.569898475177206798e+01
1.634184722874421425e+01
2.103206614362105853e+01
2.106408315527353992e+01
1.827163585006415403e+01
1.861735116540619472e+01
1.637594251961043668e+01
1.933424143557575547e+01
1.705596041589264189e+01
1.598300820711155446e+01
1.795871384636977908e+01
1.696398727750923285e+01
1.789414250268810491e+01
1.745264598419263535e+01
1.813920811203930938e+01
1.773593053971152145e+01
2.088324438541786421e+01
1.885489188961904361e+01
1.690984733636299353e+01
1.846613036901435478e+01
1.645968431608532967e+01
1.749721107961297406e+01
1.569772986012862326e+01
1.566435315638081427e+01
1.776733024092537860e+01
1.497037114337848251e+01
1.775908612701273626e+01
1.682274594037643212e+01
1.759353794203033416e+01
1.879657936136066709e+01
1.932059982737423454e+01
1.824616194050816631e+01
1.594445248297299145e+01
1.865570054586398996e+01
2.014819186724027489e+01
1.807868711850207077e+01
1.411734841009473840e+01
1.525195408116923268e+01
1.810916887207360659e+01
1.696158298864925129e+01
2.162267410781248245e+01
1.663644327102863940e+01
1.709050760968695926e+01
1.850058956407728772e+01
1.320357373030551251e+01
1.909660747006186909e+01
1.705172581602865733e+01
1.495982324660195140e+01
1.675846806583792414e+01
1.960465055970635717e+01
1.801642288927692803e+01
1.257468313287206563e+01
1.831707347359433413e+01
1.694349769681550200e+01
1.788576713495886139e+01
1.520115561408367988e+01
1.929940071213348318e+01
1.927400561357338660e+01
1.776005426909777896e+01
1.752479279273684298e+01
1.954325554200809378e+01
1.838206495743958158e+01
1.703757511445540729e+01
1.717945608441072736e+01
1.835419471641725053e+01
2.082227964217869953e+01
1.666735632737114869e+01
1.672820198861691665e+01
1.895763479474222635e+01
1.656337202463899416e+01
1.584337478024876944e+01
1.561399257557411779e+01
2.012258419652173203e+01
1.597086010646212628e+01
1.709351569512661584e+01
1.482969289297500914e+01
1.736628808379262168e+01
1.678233807558522628e+01
1.719825257954152420e+01
1.674398318452262657e+01
1.756876946491405889e+01
1.717803807815505834e+01
1.713545303474550252e+01
1.625285180550612552e+01
1.629012103154624569e+01
1.903776138086923808e+01
1.727640361804730063e+01
1.964718101181142984e+01
1.674002614275854839e+01
1.648822537357943929e+01
1.941485276903902246e+01
1.724533003545812804e+01
1.697947858579530944e+01
1.687655913122853590e+01
2.002030120528961277e+01
1.760238484485205390e+01
1.867413754612365295e+01
1.947906978071073070e+01
1.828786451016667414e+01
1.560990032440191655e+01
1.819375114854291553e+01
1.985151001054950370e+01
1.908369673499895924e+01
1.792793268609906576e+01
1.659330276486457478e+01
1.916607878204488102e+01
1.420086160898860506e+01
1.946740629350627216e+01
1.981005544977874422e+01
1.595264093785889514e+01
1.769604779309937115e+01
1.430799310352634102e+01
1.741321840872749860e+01
1.643545888507606634e+01
1.514140933811993861e+01
1.798411636945753145e+01
2.046846034170192397e+01
1.922717279572076876e+01
1.677849899464092331e+01
2.014682077703557539e+01
1.918499157174575132e+01
2.119359203468786390e+01
1.702224710389128504e+01
1.925086734169108027e+01
2.096367437668760658e+01
1.410648792261502749e+01
1.888153477804678460e+01
1.557089872227698990e+01
1.639305588655052759e+01
1.765408138067000721e+01
1.812623009204734004e+01
2.063135394751090956e+01
1.787590252960200843e+01
1.752545038651689069e+01
1.635903213899508302e+01
1.560749625801611806e+01
1.543842668507756422e+01
1.905893971260962871e+01
1.596161620676495119e+01
2.044485383332641604e+01
1.867041646031221447e+01
1.983514817273160702e+01
1.721170386912111283e+01
2.023688432743468013e+01
1.690222245415782609e+01
1.752229214351073949e+01
1.490434737073100990e+01
1.504041162807083509e+01
1.637339171713311359e+01
1.828844386105329889e+01
1.818663924183091751e+01
1.888904886366531244e+01
1.799024876361465175e+01
1.458510843830326564e+01
1.654586096497864034e+01
1.670791351870701646e+01
1.834972656293279059e+01
1.897304331414435552e+01
1.618791186836305585e+01
1.483086863864099847e+01
1.832990041655046198e+01
1.997794904911112113e+01
2.000196441795031177e+01
1.689688658433693647e+01
1.716016604434481252e+01
1.640531049938340757e+01
1.974983244192493004e+01
1.722584664622049999e+01
1.877196408758047852e+01
1.756680172254097627e+01
1.916416777028845786e+01
2.051024912214258222e+01
1.721671374638020424e+01
1.797103632956815744e+01
1.745653799301181763e+01
1.721013251178165504e+01
1.625996621202862968e+01
1.525785242007814979e+01
1.300687674599156729e+01
1.750723297685926383e+01
1.723946157870592799e+01
1.892680668773489572e+01
1.695653950096696150e+01
1.432855916011291342e+01
1.870433661571431116e+01
2.173722597429025072e+01
1.674680411841077898e+01
1.893333462759629526e+01
1.949473151503688584e+01
1.555532856275926434e+01
1.578267196194437894e+01
1.845559439367043453e+01
1.623322562761948618e+01
1.497313712837171096e+01
1.801110024235196150e+01
2.157009912045904798e+01
1.464378487930650152e+01
1.589877482176483348e+01
1.831497706481660259e+01
1.633970694230863430e+01
1.666115434182526300e+01
1.699967272504970239e+01
1.668658117412224939e+01
1.698902397246347817e+01
1.635138186241023917e+01
1.889138946018266907e+01
1.670176854991596471e+01
1.622313042929583915e+01
1.782368139522560213e+01
1.872862861790797950e+01
1.807334933252625930e+01
1.835939610217986839e+01
1.973650752091234750e+01
1.378307469058542623e+01
1.526439207915178642e+01
1.572912684078594658e+01
1.516087507317426031e+01
1.767303658296897950e+01
1.755247042591538076e+01
1.957104157265008837e+01
1.718005948965222984e+01
1.531172909327738196e+01
2.015535531324660568e+01
1.972244548812649256e+01
1.803311007253308773e+01
2.086501507906783814e+01
2.276785794574640320e+01
1.648070726671850039e+01
1.642904812120195857e+01
1.909651473090056939e+01
1.698200944331061635e+01
1.907826008654074457e+01
1.901891063461438947e+01
1.659365776523256741e+01
1.951874680025166242e+01
1.902845419214629175e+01
1.706638034725466824e+01
1.965149877056960293e+01
2.317421920604285646e+01
1.898409917515906287e+01
1.506588491299831567e+01
1.706174186347284660e+01
1.677328335453319852e+01
1.617820622083018023e+01
1.863178980077904257e+01
2.107455164330739805e+01
1.797274635028048451e+01
1.577721622551732494e+01
1.852610278389062870e+01
1.540226953614078376e+01
1.917100066760594856e+01
1.798030593770609542e+01
1.659376056549879763e+01
1.614531849408063380e+01
1.832101404053421589e+01
1.967833936327430777e+01
2.000327777708322685e+01
1.782333082721975615e+01
1.808377979992961926e+01
1.718928632191905592e+01
1.584909854225634085e+01
1.606009757254807369e+01
1.999749738768038654e+01
1.624975446002586921e+01
2.030150330986936424e+01
1.645552102638271563e+01
1.455402113505664374e+01
1.646167875762619204e+01
1.809005931098819886e+01
1.720055230290947179e+01
1.845861310493193130e+01
2.143557517645470156e+01
1.805598169723074520e+01
1.748234604492110478e+01
1.661245000443612696e+01
1.709894516748886062e+01
2.045849828526490910e+01
1.960105439295939078e+01
2.048577212290311422e+01
1.795780895853884829e+01
1.639848145940077373e+01
1.764125419195390521e+01
1.709386048959337501e+01
2.009570731505267105e+01
1.888755611437657222e+01
1.418096580793526940e+01
1.541590920586735436e+01
1.701804071395724804e+01
2.061067680919972034e+01
1.629966155375986858e+01
1.782296617812476569e+01
1.824685489255231019e+01
1.847819406618650007e+01
1.861332812565013128e+01
1.651061936808265429e+01
1.926552585463306144e+01
1.636289021729355397e+01
1.916737461381140051e+01
1.687586890548379515e+01
1.669459170119656122e+01
1.738159655388478697e+01
1.602218888605148450e+01
1.828002758813061135e+01
2.119867747491097276e+01
1.352346156579908687e+01
1.816352303550214131e+01
1.326593884640442766e+01
1.824607506904285259e+01
1.372510341514505861e+01
1.626753047367471439e+01
1.780151266513096431e+01
1.505156025679038834e+01
1.772273830745042744e+01
1.866067679697347614e+01
1.891743077601628897e+01
1.512269735102903567e+01
1.888768335055965508e+01
1.654731549449049410e+01
1.845562280831242674e+01
1.949226160802649588e+01
1.651472875432004628e+01
1.832330769512898883e+01
1.617069629806017517e+01
1.544522096779733999e+01
1.959873444833008094e+01
1.500183063131933281e+01
1.959779326730438243e+01
1.930712405988040103e+01
1.524653639320962384e+01
1.660839060179207038e+01
1.740268934589222738e+01
1.517837797406824762e+01
1.750608998190522669e+01
1.646167459203602235e+01
1.698659411252356222e+01
1.511962568179255939e+01
1.552107233879639914e+01
1.705081365146518735e+01
1.823506500722330159e+01
1.893242097480786512e+01
1.402169697579828878e+01
1.685642228124746822e+01
2.121140291168084957e+01
1.796986923527296653e+01
1.488066524548648317e+01
1.620797286930242009e+01
1.799633650543664487e+01
1.910326327374379574e+01
1.962442327060207603e+01
2.083527642037500982e+01
1.827685966556014563e+01
1.888507706693382104e+01
2.062220359820905458e+01
2.122599233143098019e+01
1.747288108109154692e+01
1.795467906969815886e+01
2.075499117454183562e+01
1.804483583093011489e+01
1.620910507822411617e+01
1.848408491651884589e+01
1.682496644258363716e+01
1.931059903511155085e+01
1.665529896043539893e+01
2.121228467342787738e+01
1.742500881159829973e+01
1.754205527925569541e+01
1.805505061857321536e+01
1.493946141443822206e+01
1.867010989190926296e+01
1.949847224371069387e+01
1.275547257241211696e+01
1.717222234980793516e+01
1.780940922119787828e+01
1.718233711230421079e+01
1.881277923056574508e+01
1.684890210003679911e+01
1.722632972187387068e+01
1.750738127086575346e+01
1.865324082104388026e+01
1.579449501126144817e+01
1.877208584432110072e+01
1.592554269397171751e+01
1.901424992996972563e+01
1.695284797191118642e+01
1.422994933430872244e+01
1.811267673416177715e+01
1.680310205494003739e+01
1.891452033170500613e+01
1.861923086121975146e+01
1.942964260366561646e+01
1.852676110213736393e+01
1.928945495701555046e+01
1.937769214913579674e+01
1.950338236138414416e+01
1.551531735360244468e+01
1.886498813711412481e+01
2.087999933315870038e+01
1.658262278001160439e+01
1.862284331698092288e+01
2.039521574733254994e+01
1.892293102414397765e+01
1.628642878351414325e+01
1.718175399748445997e+01
2.003381032721999233e+01
1.595328375332763571e+01
1.915532629374499862e+01
1.940400213503120241e+01
1.855812746016682979e+01
1.879174556596617407e+01
1.799198363012578383e+01
1.820882450783587458e+01
1.783495927178998741e+01
1.780022399523409860e+01
1.489540614984123046e+01
1.777041087431409494e+01
1.901667224298018866e+01
1.744998296112802905e+01
1.672865118865475509e+01
1.861692683225151512e+01
1.520318823975389222e+01
1.356590690299229429e+01
1.785042297058527083e+01
1.612883081545701103e+01
1.503115434542918116e+01
1.693468920169019398e+01
1.702447851668480183e+01
1.961165850746414563e+01
1.777615775950910404e+01
1.897084063078387572e+01
1.901693685345052032e+01
1.813866894062332591e+01
1.835010025950676038e+01
1.684630541234347589e+01
1.710908883843537609e+01
1.808615978566360383e+01
1.797931803850972088e+01
2.339176678260490405e+01
1.836180844514393584e+01
1.637114298760744546e+01
1.554889261193170924e+01
1.491735357064777467e+01
2.010687678108468646e+01
1.585206823953188682e+01
1.902289549637649202e+01
1.900983195456999653e+01
1.603850067366860799e+01
1.828096001304311002e+01
1.931846875334371205e+01
1.426079875569746314e+01
1.863527173458617625e+01
1.971247713145796610e+01
1.730606715869238599e+01
1.655965944787510935e+01
1.668093691509067966e+01
1.296757789934191152e+01
1.604572440028475100e+01
1.826676547284595387e+01
1.509768740393905517e+01
1.738894173282749378e+01
1.916105815939359047e+01
1.718658207160092388e+01
1.912079217999548675e+01
1.536277613112674878e+01
1.691372762976619626e+01
2.004382597416882206e+01
1.592740658284320610e+01
1.728049646253631266e+01
2.428148361969962821e+01
1.868477327875941540e+01
1.775979214566104858e+01
1.480890888285002305e+01
1.661430957932920549e+01
1.676770088738805597e+01
1.536036076333357947e+01
1.601569106911906815e+01
1.832251698621603353e+01
1.598443244359033955e+01
1.799444174445121547e+01
1.452962394561417980e+01
1.507420976658396583e+01
2.041170429348159843e+01
1.913028896522382993e+01
1.855598794696530973e+01
1.865244330188804156e+01
1.689486150264015762e+01
1.911616721574452171e+01
1.624102842678812308e+01
1.896857889473722025e+01
1.643350280349001125e+01
1.877199246563504431e+01
1.838527922865623410e+01
1.824986582346804909e+01
1.461178615047163731e+01
1.604195888875327114e+01
1.928661425212220237e+01
1.707293461896867726e+01
1.714084908022961429e+01
1.679695920218181016e+01
1.935599796450561172e+01
1.783461672244732910e+01
1.693402593836090375e+01
1.632265511260368029e+01
1.725524359116585771e+01
1.692208271776244999e+01
1.931191706313313716e+01
1.776066224754080025e+01
1.714096454907083356e+01
1.080756289534140535e+01
1.733768625324872303e+01
1.797007986330259399e+01
1.510209771868839645e+01
1.957642363422566945e+01
1.600280308648804350e+01
1.540094620049127805e+01
1.567643886014982968e+01
1.601477653914850308e+01
1.707183778825110565e+01
1.665164675108357883e+01
1.723940200568188530e+01
1.662515790768190271e+01
1.648140654691145457e+01
1.344669124818585715e+01
1.802295036447040033e+01
1.813481701218955422e+01
1.964920014536111381e+01
1.570505177585833678e+01
1.869257971237970395e+01
1.762760032053828141e+01
1.981343609846624076e+01
1.898554026630055702e+01
1.974807326293913690e+01
1.785045114414207745e+01
1.755612494832211468e+01
1.863336941015588977e+01
1.996397530506125761e+01
1.751900544126479531e+01
1.636696091010841769e+01
1.821777787744724009e+01
1.805543936254714055e+01
1.556449072328696914e+01
1.574006606652554474e+01
1.675113843376326273e+01
1.678843545242200719e+01
1.837284466206939015e+01
1.850387558612987604e+01
1.610079255512151519e+01
1.564197447101598115e+01
1.523694361517315699e+01
1.589678345644648161e+01
1.770462032112198258e+01
1.885717270016789371e+01
1.783395928880346659e+01
1.806415814101085004e+01
1.519981298471393671e+01
1.902486293956658159e+01
1.807073778619065862e+01
1.804339436090857518e+01
1.736172479325052720e+01
1.811415688298380999e+01
1.751894186741442638e+01
1.722900982241491974e+01
1.980482725204259253e+01
1.663759291208545577e+01
1.788016212991606579e+01
1.614777256398204486e+01
1.843605014356443306e+01
1.663530937153938893e+01
1.814912482478829503e+01
1.770438129204769950e+01
1.594949874842888704e+01
2.192323540262431081e+01
1.668658304503810541e+01
1.848629246606437704e+01
1.861814547524966912e+01
1.530283780874287736e+01
1.804160395412275619e+01
1.645832364119338820e+01
1.604633259165173698e+01
1.667638604777523526e+01
2.410475109826099782e+01
1.845974074324934477e+01
1.627696313977721942e+01
1.743938081184860067e+01
1.904008997463842690e+01
1.988593382839419377e+01
1.824669084921464091e+01
1.666992355551252913e+01
1.856426617252295941e+01
1.586152903959236937e+01
1.558877566478891552e+01
2.039418874473771837e+01
1.565602264841772140e+01
1.811864300880982626e+01
2.120084194194505756e+01
1.922668418545505986e+01
1.421851697975948881e+01
1.903244188359890288e+01
1.548048833535382762e+01
1.612999447759673544e+01
1.924683996652522566e+01
1.955782225049711442e+01
1.924704272963223417e+01
2.200706278837976981e+01
2.007923679821839613e+01
1.901223286126641554e+01
1.758776041770322962e+01
1.895643355206414427e+01
2.141629895478360268e+01
1.845427137921402405e+01
1.723518948222228531e+01
1.541962249576440591e+01
1.715817121411740587e+01
1.992317981942834137e+01
1.984526911637055946e+01
1.914580058654671646e+01
1.631993426745767550e+01
1.827638084349214864e+01
1.660193197051284386e+01
1.462627649652921669e+01
1.846963787322680517e+01
1.429699839586984922e+01
1.710911343701851806e+01
