104.9
98.2
98.4
96.8
102.6
93.1
105.2
97.7
101.0
99.3
104.4
93.8
99.0
98.8
103.4
96.7
99.5
97.4
100.1
101.7
96.7
103.4
102.7
101.5
102.7
97.9
99.6
97.2
99.2
101.6
97.9
98.8
97.9
97.5
98.0
100.0
96.6
100.7
105.0
102.2
99.4
97.3
97.8
105.1
100.2
98.1
100.6
106.3
100.4
101.9
100.9
98.9
96.6
99.0
99.4
101.8
102.5
102.8
100.9
102.7
97.7
103.8
101.5
99.1
101.5
99.8
103.4
104.6
106.6
95.8
95.7
98.5
100.5
102.6
100.9
93.9
99.1
102.5
100.7
102.3
99.3
99.4
100.6
101.2
100.6
100.4
98.0
101.1
100.4
103.4
103.6
100.6
98.9
98.1
101.3
100.2
99.0
100.1
98.1
102.1
98.7
103.7
101.2
101.8
96.7
100.5
102.2
97.1
99.2
100.1
95.9
100.9
102.5
97.4
101.1
96.1
99.9
95.2
103.4
101.2
99.9
97.7
103.8
105.9
94.4
103.7
104.9
101.0
96.4
102.6
99.5
98.2
96.3
101.7
102.4
98.1
101.6
96.6
102.4
100.1
99.4
99.7
102.6
102.3
101.6
100.4
100.2
101.9
100.7
102.0
99.1
92.7
103.1
106.6
101.3
99.7
99.6
99.6
100.1
96.6
98.4
97.0
100.7
99.1
101.5
99.5
103.0
100.6
106.6
94.3
98.1
102.7
107.6
99.3
100.1
99.3
104.0
99.1
102.0
99.0
96.2
100.9
101.5
103.9
99.7
98.1
101.7
100.7
100.8
99.8
103.5
101.1
105.7
103.3
102.0
95.1
101.8
101.3
102.4
103.1
98.8
102.5
98.3
105.9
96.0
94.7
95.0
97.3
96.6
105.9
99.0
96.0
103.3
98.2
96.3
102.6
101.9
98.7
104.2
100.4
104.9
101.5
104.7
100.3
96.3
107.3
98.4
99.4
97.9
99.4
100.7
100.6
102.0
105.4
99.6
96.3
96.5
98.0
95.0
102.5
98.5
99.1
100.0
95.8
97.4
102.0
101.9
98.7
105.4
96.1
99.0
99.3
91.6
105.8
101.1
96.9
106.2
101.8
101.3
98.2
100.3
95.4
102.4
98.9
100.4
103.6
100.9
100.8
100.8
97.8
102.5
104.6
102.3
102.7
97.4
97.4
95.7
103.7
99.2
104.2
97.7
98.7
100.3
102.8
100.2
100.6
100.0
100.5
96.7
100.2
99.4
99.8
101.5
98.0
99.7
99.1
101.3
102.4
97.1
101.8
106.2
95.6
97.5
97.4
99.2
104.9
100.0
97.9
101.9
98.2
103.4
100.9
104.2
98.0
109.1
102.5
102.0
99.8
97.8
97.4
99.6
97.6
100.8
97.5
101.9
102.9
97.9
103.6
99.3
103.5
101.3
103.4
97.0
99.7
104.4
98.1
93.9
94.2
92.5
93.7
98.8
103.8
98.7
101.0
99.7
100.0
99.5
99.5
101.4
96.5
103.0
102.8
99.4
102.4
97.9
98.4
100.5
99.4
98.7
98.0
98.3
102.8
94.2
101.1
99.3
102.2
101.5
91.7
101.8
101.0
100.1
98.6
102.6
98.8
105.5
101.7
106.4
97.6
94.7
102.1
102.6
100.1
95.4
98.7
101.9
99.4
99.7
99.5
97.2
98.4
95.7
105.3
98.6
101.4
96.9
102.4
94.4
102.8
99.9
106.3
96.1
100.2
101.1
103.7
98.7
100.3
93.6
97.5
101.4
103.3
99.2
106.2
105.3
99.8
92.8
94.7
97.7
103.3
100.9
93.7
99.3
104.8
98.9
97.8
106.2
100.2
98.6
101.1
100.1
98.7
103.6
103.3
102.5
99.7
103.4
99.9
101.4
103.1
102.4
105.4
101.4
94.9
96.5
104.1
99.0
101.2
97.4
103.0
98.8
104.4
98.4
103.4
102.0
97.8
103.3
97.3
97.5
102.2
98.1
98.2
99.0
97.0
103.1
101.8
99.8
99.7
101.4
105.3
102.6
98.5
102.3
99.6
99.4
105.6
98.7
98.6
94.1
95.8
101.4
97.9
101.5
96.7
97.7
102.0
104.4
101.8
103.6
105.1
103.1
97.2
99.7
101.9
98.8
101.4
95.3
97.5
101.6
93.3
96.7
99.9
94.8
100.2
97.6
99.1
99.2
100.6
98.3
100.3
98.2
101.7
105.1
100.6
100.5
96.5
102.1
97.7
97.6
101.7
100.5
103.3
104.3
98.4
100.4
105.3
102.9
102.1
103.9
98.2
101.9
104.2
104.9
97.6
99.2
101.1
99.1
98.8
102.1
98.9
94.6
101.1
98.7
97.8
95.3
103.0
93.3
94.9
99.2
103.7
103.9
96.5
99.5
95.5
103.0
95.6
99.6
103.1
99.3
104.4
97.4
101.1
102.6
99.6
104.2
101.6
95.1
111.9
101.9
100.3
95.8
100.2
98.6
101.9
101.1
105.6
100.4
101.5
101.1
99.6
99.4
103.3
102.3
98.1
96.7
99.8
103.5
99.9
105.2
97.7
100.4
92.5
98.2
99.1
101.5
105.1
100.1
104.4
102.0
103.0
98.6
104.2
96.8
101.5
97.1
98.4
95.6
98.5
101.1
99.8
96.0
104.4
101.0
103.0
102.4
98.0
94.2
97.3
103.7
96.8
102.4
98.2
101.2
94.5
103.5
99.9
102.7
100.6
102.4
99.7
102.2
95.5
96.8
102.2
99.9
99.3
99.5
101.5
98.2
101.5
97.3
98.8
103.0
103.2
96.7
102.5
96.9
102.2
94.3
96.6
98.5
99.5
104.3
102.7
104.7
103.6
99.2
99.2
103.2
100.1
99.5
96.0
99.7
91.6
98.6
97.1
102.1
98.6
99.0
104.0
96.9
100.9
94.3
100.3
101.2
102.6
97.3
101.0
101.0
99.9
100.5
101.4
101.2
97.0
96.4
107.5
105.8
95.8
101.4
101.9
102.3
100.4
97.2
99.5
98.5
100.4
99.2
99.6
103.1
103.7
96.5
98.6
97.6
103.7
99.8
104.3
98.6
100.1
96.0
103.9
98.9
95.5
98.2
93.1
99.9
100.3
100.9
104.5
99.1
102.4
100.9
99.4
93.8
102.8
98.5
100.1
96.2
100.8
100.3
100.1
99.6
103.1
102.9
102.2
110.0
98.2
98.9
97.0
101.3
97.9
91.9
96.4
100.2
103.0
95.3
98.2
99.6
97.8
101.6
100.0
101.0
97.8
104.6
100.0
103.9
98.7
101.8
98.0
97.1
97.9
99.9
99.3
104.6
96.6
96.7
105.1
101.8
94.4
101.5
100.7
93.6
98.9
99.9
102.2
102.9
100.3
103.1
99.6
97.4
97.2
101.6
94.1
102.0
96.7
98.9
101.5
103.7
94.2
97.6
100.1
98.2
102.6
93.7
101.1
101.3
100.1
103.3
96.3
103.3
97.9
102.2
99.0
102.4
102.3
95.6
99.5
99.7
99.3
97.7
105.6
100.6
104.7
98.3
96.8
100.4
98.3
107.2
100.7
103.5
99.3
99.0
99.9
101.1
102.5
99.6
98.0
96.8
99.8
101.7
101.4
99.9
98.2
100.4
101.7
99.9
100.3
99.5
102.7
98.7
100.6
101.2
102.2
104.5
102.0
101.8
95.6
101.8
106.9
97.5
96.9
99.4
103.1
101.6
98.6
99.9
103.1
102.0
107.3
103.0
101.1
101.8
99.0
97.1
100.5
101.5
95.8
98.4
98.9
100.8
99.2
101.3
100.3
103.2
94.9
105.0
104.3
100.2
102.0
101.8
97.8
100.5
102.3
100.9
103.2
100.3
100.2
97.7
98.9
98.6
105.1
100.7
97.0
101.2
99.4
90.8
101.4
95.3
101.7
97.1
95.6
101.5
95.5
98.7
100.6
101.8
102.2
99.9
97.5
105.8
98.2
105.4
98.6
103.5
103.2
96.9
101.1
102.3
102.1
99.4
100.9
98.8
96.5
103.0
98.3
104.1
101.8
97.3
99.5
99.1
97.4
101.5
98.6
104.9
102.6
97.4
99.9
99.3
95.3
102.8
102.8
102.8
98.6
103.2
99.4
102.8
105.4
100.4
95.7
99.0
101.9
103.7
96.6
99.4
100.7
101.3
102.7
97.2
98.7
103.0
101.2
101.3
103.4
100.3
101.6
99.1
96.0
96.1
100.2
99.4
98.0
101.0
97.3
100.3
99.9
97.5
93.1
104.4
100.9
92.0
98.7
101.2
99.3
101.7
97.1
100.5
99.8
99.5
99.3
100.6
102.8
98.4
98.8
100.5
99.6
101.2
102.2
103.9
99.7
93.2
99.8
101.1
99.4
99.5
92.7
101.5
99.0
95.5
97.4
97.4
101.8
101.7
104.5
101.9
95.9
95.8
103.4
104.7
99.3
101.7
95.5
94.2
96.5
98.9
98.4
99.3
98.5
102.0
104.3
100.1
106.1
98.1
98.4
101.2
98.9
103.5
98.1
104.0
100.6
107.7
98.6
99.4
100.4
93.5
101.8
101.4
100.3
95.4
95.4
101.8
103.5
104.8
97.3
96.9
99.2
94.1
98.2
102.6
104.9
100.8
104.9
101.2
100.6
99.5
100.6
99.2
99.6
98.0
100.8
100.0
95.6
99.3
97.4
93.9
101.5
104.7
107.1
104.7
97.4
103.5
103.4
94.0
102.6
101.9
100.5
100.9
100.2
104.9
98.8
99.4
100.0
100.8
94.7
104.2
100.7
101.7
100.6
99.4
98.9
100.3
100.5
103.5
101.0
99.6
106.0
96.2
96.0
101.1
99.4
94.7
99.1
97.9
103.4
98.1
103.2
101.4
99.4
100.1
101.3
93.1
101.0
98.9
105.4
97.9
103.4
92.5
102.4
100.8
99.3
99.6
99.2
101.3
99.6
94.6
99.4
106.7
100.1
100.9
98.7
100.5
100.5
99.2
102.6
97.2
99.6
101.5
99.2
96.3
101.7
97.1
98.7
97.5
99.7
98.7
98.6
102.0
105.3
98.9
101.6
98.9
100.3
103.4
100.2
97.6
97.8
98.1
100.0
102.6
95.9
96.9
97.2
94.8
104.0
99.9
105.7
95.7
103.9
97.9
98.8
97.0
97.2
96.0
100.6
96.1
99.3
100.0
102.0
100.3
101.0
101.5
99.9
101.1
97.1
97.7
105.7
100.0
97.9
104.1
99.5
98.1
95.7
102.3
96.7
98.4
101.9
100.6
99.7
99.4
103.4
106.7
98.4
101.7
105.8
103.2
97.9
98.7
98.2
97.3
98.1
100.8
98.2
102.6
100.4
98.8
102.7
101.0
100.8
103.1
101.7
99.7
102.8
100.9
108.8
103.3
103.5
103.9
100.2
103.9
100.1
97.5
98.3
101.6
95.3
100.6
97.8
102.2
97.8
105.6
102.3
96.2
105.3
99.3
97.8
96.9
101.7
104.5
98.3
97.0
96.6
104.5
105.0
99.0
101.6
100.0
99.8
102.9
101.3
101.0
99.1
102.4
99.2
100.1
100.7
96.4
99.1
99.1
100.3
96.7
96.4
104.9
103.5
102.7
105.5
101.3
99.7
101.4
94.4
96.7
102.3
100.1
96.2
102.0
103.0
102.0
99.9
97.5
100.3
101.3
98.9
101.8
100.9
101.0
93.9
103.2
105.2
98.8
95.6
101.9
98.6
97.1
103.7
95.8
102.2
96.3
104.4
101.5
99.2
100.4
101.7
102.5
102.5
101.6
98.6
102.0
96.1
103.0
102.6
104.2
98.2
100.6
102.6
101.0
98.7
100.9
100.2
103.0
98.1
101.0
100.9
102.3
99.8
100.4
99.8
100.1
100.0
99.0
108.5
97.5
96.5
97.6
97.9
100.0
104.3
105.1
100.7
92.5
101.2
96.1
98.5
96.6
101.3
98.1
102.3
101.4
99.3
100.2
102.8
98.9
102.7
99.9
100.8
102.4
104.0
101.6
100.2
102.2
95.4
104.9
96.0
102.7
98.3
101.5
99.7
100.9
97.6
93.5
101.2
98.2
98.1
97.8
106.0
98.3
101.0
96.5
104.6
98.3
92.2
108.1
96.7
103.9
102.2
102.0
99.3
100.6
103.7
99.1
100.8
102.8
100.3
98.7
104.4
101.0
99.6
97.7
97.0
102.7
102.8
93.5
98.2
102.9
107.3
106.5
102.8
104.1
98.4
102.3
96.3
98.3
101.0
106.5
102.2
100.8
99.5
96.0
101.8
99.0
100.7
97.3
100.4
95.4
101.5
104.0
102.7
106.3
101.0
101.5
101.5
97.4
106.5
103.0
99.3
97.3
101.7
102.6
100.4
100.6
99.4
100.0
104.0
104.2
95.5
100.4
96.4
96.0
101.8
97.5
90.5
101.9
103.8
106.1
98.8
104.3
92.1
96.9
101.6
101.4
104.0
102.9
99.8
104.6
102.1
105.2
97.6
100.9
98.7
102.4
99.3
99.2
96.0
100.9
103.3
103.0
91.0
95.1
106.0
99.4
99.6
103.5
100.6
98.1
99.4
105.7
95.9
